# from https://www.aanda.org/articles/aa/full_html/2011/07/aa16671-11/aa16671-11.html
#J/A+A/531/A40 Transits of WASP-39b (Faedi+, 2011)
#J/A+A/531/A40/ftnlc.dat FTN photometry obtained on 18/05/2010, fig.4 (218 records)
#HJD
#d dmag (e)
#mag Filt
#---
2455334.79345 0.003121232640 0.00209457535 z
2455334.79417 0.000208368772 0.00209457535 z
2455334.79492 0.004526817090 0.00208002969 z
2455334.79565 0.000864388092 0.00208002969 z
2455334.79641 -0.003277163590 0.00208002969 z
2455334.79715 0.000970846068 0.00208002969 z
2455334.79790 0.004929294380 0.00208002969 z
2455334.79865 -0.001382257300 0.00208002969 z
2455334.79939 -0.003134247640 0.00208002969 z
2455334.80012 -0.002696672850 0.00208002969 z
2455334.80086 -0.001168663190 0.00208002969 z
2455334.80160 0.001819346470 0.00208002969 z
2455334.80234 0.001297356130 0.00208002969 z
2455334.80382 0.003933375450 0.00208002969 z
2455334.80457 0.011461388900 0.00208002969 z
2455334.80531 0.006589398550 0.00208002969 z
2455334.80603 0.008026969560 0.00208002969 z
2455334.80676 0.006014544340 0.00208002969 z
2455334.80752 0.009272992660 0.00208002969 z
2455334.80825 0.010090563700 0.00208002969 z
2455334.80899 0.008308573320 0.00208002969 z
2455334.80969 0.010915270800 0.00208002969 z
2455334.81044 0.010433719100 0.00208002969 z
2455334.81116 0.010870855200 0.00208002969 z
2455334.81190 0.011998864900 0.00208002969 z
2455334.81264 0.016246874600 0.00208002969 z
2455334.81335 0.005483572040 0.00208002969 z
2455334.81408 0.018851143000 0.00208002969 z
2455334.81482 0.016899152700 0.00208002969 z
2455334.81557 0.019447601000 0.00208002969 z
2455334.81630 0.018335175800 0.00208002969 z
2455334.81705 0.025423624100 0.00208002969 z
2455334.81779 0.017981633800 0.00208002969 z
2455334.81849 0.022377892600 0.00208002969 z
2455334.81922 0.023335463600 0.00208002969 z
2455334.81996 0.022093477100 0.00208002969 z
2455334.82066 0.022610174500 0.00208002969 z
2455334.82139 0.021287745500 0.00208002969 z
2455334.82213 0.018955755200 0.00208002969 z
2455334.82287 0.025063764900 0.00208002969 z
2455334.82362 0.018531774500 0.00208002969 z
2455334.82436 0.023009788000 0.00208002969 z
2455334.82507 0.020746920300 0.00208002969 z
2455334.82581 0.020074930000 0.00208002969 z
2455334.82656 0.026682943400 0.00208002969 z
2455334.82728 0.025590514400 0.00208002969 z
2455334.82802 0.023398524100 0.00208002969 z
2455334.82877 0.024996533700 0.00208002969 z
2455334.82952 0.023834982000 0.00208002969 z
2455334.83026 0.023662991700 0.00208002969 z
2455334.83100 0.023981005200 0.00208002969 z
2455334.83173 0.026648576200 0.00208002969 z
2455334.83247 0.024396585800 0.00208002969 z
2455334.83320 0.023674160600 0.00208002969 z
2455334.83395 0.024142605100 0.00208002969 z
2455334.83470 0.023921053500 0.00208002969 z
2455334.83542 0.023268189600 0.00208002969 z
2455334.83615 0.022715760600 0.00208002969 z
2455334.83689 0.023573774000 0.00208002969 z
2455334.83764 0.026402218600 0.00208002969 z
2455334.83837 0.026279793400 0.00208002969 z
2455334.83910 0.023887364400 0.00208002969 z
2455334.83985 0.027705812700 0.00208002969 z
2455334.84059 0.024063822300 0.00208002969 z
2455334.84132 0.024311397100 0.00208002969 z
2455334.84206 0.026129406800 0.00208002969 z
2455334.84282 0.025827855100 0.00208002969 z
2455334.84355 0.029105426100 0.00208002969 z
2455334.84427 0.027013000900 0.00208002969 z
2455334.84502 0.023811010500 0.00208002969 z
2455334.84577 0.026079458900 0.00208002969 z
2455334.84652 0.028097907200 0.00208002969 z
2455334.84724 0.026585039500 0.00208002969 z
2455334.84797 0.028292614300 0.00208002969 z
2455334.84870 0.027530185300 0.00208002969 z
2455334.84945 0.026498633600 0.00208002969 z
2455334.85020 0.025947081900 0.00208002969 z
2455334.85093 0.025134653000 0.00208002969 z
2455334.85166 0.027402227700 0.00208002969 z
2455334.85239 0.026589798700 0.00208002969 z
2455334.85314 0.026078247100 0.00208002969 z
2455334.85387 0.026455818100 0.00208002969 z
2455334.85460 0.028263392900 0.00208002969 z
2455334.85533 0.027120963900 0.00208002969 z
2455334.85607 0.026578973500 0.00208002969 z
2455334.85680 0.024956548300 0.00208002969 z
2455334.85755 0.025054996600 0.00208002969 z
2455334.85828 0.023712567600 0.00208002969 z
2455334.85901 0.025600142400 0.00208002969 z
2455334.85975 0.024288152100 0.00208002969 z
2455334.86048 0.024895723100 0.00208002969 z
2455334.86122 0.026943732700 0.00208002969 z
2455334.86199 0.026893058400 0.00208002969 z
2455334.86269 0.026389317200 0.00208002969 z
2455334.86344 0.023227765500 0.00208002969 z
2455334.86417 0.019485336500 0.00208002969 z
2455334.86491 0.026303346200 0.00208002969 z
2455334.86564 0.024300921000 0.00208002969 z
2455334.86638 0.023788930600 0.00208002969 z
2455334.86712 0.025506940300 0.00208002969 z
2455334.86786 0.025904949900 0.00208002969 z
2455334.86859 0.027552524700 0.00208002969 z
2455334.87006 0.029048105400 0.00208002969 z
2455334.87080 0.023246115000 0.00208002969 z
2455334.87153 0.025103689800 0.00208002969 z
2455334.87227 0.026231699500 0.00208002969 z
2455334.87300 0.027289270500 0.00208002969 z
2455334.87374 0.022557283900 0.00208002969 z
2455334.87447 0.024844854900 0.00208002969 z
2455334.87520 0.020492425900 0.00208002969 z
2455334.87596 0.024851312900 0.00208002969 z
2455334.87669 0.022568883900 0.00208002969 z
2455334.87742 0.026846458700 0.00208002969 z
2455334.87815 0.024214029700 0.00208002969 z
2455334.87889 0.026612039400 0.00208002969 z
2455334.87962 0.024429614200 0.00208002969 z
2455334.88035 0.024097185200 0.00208002969 z
2455334.88109 0.024165194800 0.00208002969 z
2455334.88184 0.025933643100 0.00208002969 z
2455334.88258 0.028471656600 0.00208002969 z
2455334.88332 0.020759666200 0.00208002969 z
2455334.88405 0.021397237300 0.00208002969 z
2455334.88478 0.024164808300 0.00208002969 z
2455334.88552 0.022212821700 0.00208002969 z
2455334.88626 0.019780831400 0.00208002969 z
2455334.88700 0.023988841000 0.00208002969 z
2455334.88777 0.022887728000 0.00208002969 z
2455334.88851 0.023815737600 0.00208002969 z
2455334.88924 0.024303308700 0.00208002969 z
2455334.88997 0.024930883400 0.00208002969 z
2455334.89071 0.025088893100 0.00208002969 z
2455334.89145 0.024526902800 0.00208002969 z
2455334.89218 0.021594473800 0.00208002969 z
2455334.89293 0.021462922100 0.00208002969 z
2455334.89365 0.022870058200 0.00208002969 z
2455334.89439 0.019848067900 0.00208002969 z
2455334.89512 0.021945638900 0.00208002969 z
2455334.89586 0.024033652300 0.00208002969 z
2455334.89658 0.024160784700 0.00208002969 z
2455334.89732 0.023338794300 0.00208002969 z
2455334.89805 0.022286369100 0.00208002969 z
2455334.89875 0.020273066600 0.00208002969 z
2455334.89953 0.020492388400 0.00208002969 z
2455334.90023 0.017919085900 0.00208002969 z
2455334.90096 0.018456660700 0.00208002969 z
2455334.90169 0.017074231700 0.00209457535 z
2455334.90242 0.016931802700 0.00208002969 z
2455334.90318 0.017170689700 0.00208002969 z
2455334.90393 0.016978699300 0.00209457535 z
2455334.90467 0.012406709000 0.00208002969 z
2455334.90540 0.013564283800 0.00208002969 z
2455334.90614 0.012442293400 0.00208002969 z
2455334.90688 0.013870303100 0.00209457535 z
2455334.90761 0.009737874110 0.00209457535 z
2455334.90833 0.011405448900 0.00209457535 z
2455334.90908 0.007383458560 0.00208002969 z
2455334.90982 0.007131468220 0.00209457535 z
2455334.91055 0.006229043010 0.00208002969 z
2455334.91129 0.005747052670 0.00208002969 z
2455334.91202 -0.000405376329 0.00208002969 z
2455334.91274 0.002342198460 0.00208002969 z
2455334.91349 0.000040208118 0.00209457535 z
2455334.91421 0.002877779120 0.00209457535 z
2455334.91498 0.000866666094 0.00209457535 z
2455334.91568 0.001713363570 0.00209457535 z
2455334.91642 -0.001208626770 0.00209457535 z
2455334.91715 0.000378944235 0.00209457535 z
2455334.91789 -0.001403042320 0.00209457535 z
2455334.91864 0.000314967337 0.00209457535 z
2455334.91938 0.000322976998 0.00209457535 z
2455334.92011 0.000500548002 0.00209457535 z
2455334.92085 -0.001971442340 0.00209457535 z
2455334.92158 0.000336132449 0.00210912101 z
2455334.92230 -0.001306296550 0.00210912101 z
2455334.92303 0.001311278240 0.00209457535 z
2455334.92379 -0.004300273440 0.00210912101 z
2455334.92451 -0.001212702440 0.00210912101 z
2455334.92526 -0.000664692778 0.00209457535 z
2455334.92600 0.001773316880 0.00209457535 z
2455334.92669 0.001799575700 0.00210912101 z
2455334.92742 0.000587150489 0.00209457535 z
2455334.92816 -0.000634839851 0.00208002969 z
2455334.92890 -0.002016830190 0.00208002969 z
2455334.92963 -0.002569255400 0.00209457535 z
2455334.93042 -0.003309494900 0.00209457535 z
2455334.93111 0.000746763916 0.00209457535 z
2455334.93185 0.000834773577 0.00209457535 z
2455334.93259 0.000992783237 0.00209457535 z
2455334.93332 0.001410358020 0.00209457535 z
2455334.93405 -0.000472070972 0.00209457535 z
2455334.93479 0.001185938690 0.00210912101 z
2455334.93553 -0.001326051650 0.00210912101 z
2455334.93627 -0.000288038209 0.00209457535 z
2455334.93700 -0.001030467200 0.00210912101 z
2455334.93774 0.002017542460 0.00210912101 z
2455334.93847 -0.000304882757 0.00210912101 z
2455334.93920 0.000492688247 0.00210912101 z
2455334.93994 -0.000329302092 0.00210912101 z
2455334.94068 0.002238707570 0.00210912101 z
2455334.94142 0.001476717230 0.00210912101 z
2455334.94215 -0.000935707985 0.00210912101 z
2455334.94289 0.002382301680 0.00212366667 z
2455334.94362 0.000569872680 0.00210912101 z
2455334.94435 0.000997447467 0.00210912101 z
2455334.94509 0.002145457130 0.00210912101 z
2455334.94582 -0.002246971870 0.00212366667 z
2455334.94656 0.001501041570 0.00210912101 z
2455334.94728 -0.000651826077 0.00212366667 z
2455334.94802 -0.002193816420 0.00212366667 z
2455334.94875 -0.002596241630 0.00212366667 z
2455334.94950 0.003102206690 0.00210912101 z
2455334.95023 0.000379777691 0.00210912101 z
2455334.95096 0.002957352480 0.00212366667 z
2455334.95169 -0.000505076518 0.00212366667 z
2455334.95242 0.001922494490 0.00212366667 z
2455334.95316 -0.002589492070 0.00210912101 z
2455334.95395 0.000920268429 0.00212366667 z
2455334.95468 0.002637839430 0.00212366667 z
