# from https://www.aanda.org/articles/aa/full_html/2011/07/aa16208-10/aa16208-10.html
# Note: deleted the WASP survey photometry, only kept follow-up
2455253.89885 1.000466  0.001972 FTN       
2455253.89984 0.999225  0.001969 FTN       
2455253.90081 1.000313  0.001962 FTN       
2455253.90179 1.000444  0.001963 FTN       
2455253.90278 1.000869  0.001964 FTN       
2455253.90377 1.001156  0.001964 FTN       
2455253.90474 0.999334  0.001979 FTN       
2455253.90571 1.000349  0.001935 FTN       
2455253.90671 0.999466  0.001942 FTN       
2455253.90769 0.999146  0.001942 FTN       
2455253.90866 1.001239  0.001927 FTN       
2455253.90963 1.001121  0.001918 FTN       
2455253.91061 0.998765  0.001932 FTN       
2455253.91158 0.998564  0.001913 FTN       
2455253.91257 1.000886  0.001890 FTN       
2455253.91355 1.000372  0.001926 FTN       
2455253.91452 1.000161  0.001925 FTN       
2455253.91549 0.998139  0.001894 FTN       
2455253.91647 1.000681  0.001853 FTN       
2455253.91746 0.999393  0.001896 FTN       
2455253.91843 0.999321  0.001914 FTN       
2455253.91941 0.998817  0.001895 FTN       
2455253.92039 0.999242  0.001914 FTN       
2455253.92137 0.999252  0.001896 FTN       
2455253.92235 0.999696  0.001906 FTN       
2455253.92334 0.999928  0.001897 FTN       
2455253.92431 1.002946  0.001931 FTN       
2455253.92531 1.001378  0.001881 FTN       
2455253.92629 1.002431  0.001930 FTN       
2455253.92725 0.999907  0.001888 FTN       
2455253.92823 1.003109  0.001912 FTN       
2455253.92922 1.000887  0.001871 FTN       
2455253.93021 1.002623  0.001902 FTN       
2455253.93119 1.001268  0.001891 FTN       
2455253.93218 1.001380  0.001909 FTN       
2455253.93315 1.000644  0.001880 FTN       
2455253.93415 0.998473  0.001894 FTN       
2455253.93513 0.998861  0.001886 FTN       
2455253.93610 0.998017  0.001894 FTN       
2455253.93709 0.998892  0.001904 FTN       
2455253.93808 0.999924  0.001897 FTN       
2455253.93907 1.000737  0.001908 FTN       
2455253.94004 0.998768  0.001877 FTN       
2455253.94101 0.999165  0.001905 FTN       
2455253.94201 0.997741  0.001884 FTN       
2455253.94298 0.997523  0.001893 FTN       
2455253.94395 0.999179  0.001914 FTN       
2455253.94494 0.997498  0.001883 FTN       
2455253.94592 0.998346  0.001922 FTN       
2455253.94690 0.996299  0.001918 FTN       
2455253.94789 0.998386  0.001931 FTN       
2455253.94887 0.995027  0.001915 FTN       
2455253.94987 0.995771  0.001908 FTN       
2455253.95085 0.994920  0.001888 FTN       
2455253.95183 0.994546  0.001896 FTN       
2455253.95282 0.993843  0.001886 FTN       
2455253.95381 0.992728  0.001874 FTN       
2455253.95480 0.993361  0.001894 FTN       
2455253.95578 0.989126  0.001868 FTN       
2455253.95676 0.989410  0.001877 FTN       
2455253.95776 0.989348  0.001877 FTN       
2455253.95874 0.988839  0.001876 FTN       
2455253.95973 0.986566  0.001881 FTN       
2455253.96071 0.988087  0.001857 FTN       
2455253.96171 0.987351  0.001864 FTN       
2455253.96269 0.987471  0.001883 FTN       
2455253.96367 0.986927  0.001863 FTN       
2455253.96466 0.986302  0.001862 FTN       
2455253.96565 0.986721  0.001890 FTN       
2455253.96664 0.984843  0.001850 FTN       
2455253.96762 0.986497  0.001854 FTN       
2455253.96861 0.985382  0.001833 FTN       
2455253.96960 0.985510  0.001861 FTN       
2455253.97058 0.982421  0.001864 FTN       
2455253.97157 0.983980  0.001876 FTN       
2455253.97255 0.983185  0.001820 FTN       
2455253.97354 0.984011  0.001876 FTN       
2455253.97452 0.984892  0.001878 FTN       
2455253.97550 0.984739  0.001868 FTN       
2455253.97650 0.983834  0.001867 FTN       
2455253.97747 0.984588  0.001823 FTN       
2455253.97847 0.985034  0.001869 FTN       
2455253.97945 0.985426  0.001833 FTN       
2455253.98045 0.985836  0.001861 FTN       
2455253.98143 0.985347  0.001851 FTN       
2455253.98240 0.984287  0.001868 FTN       
2455253.98340 0.984008  0.001867 FTN       
2455253.98438 0.983257  0.001857 FTN       
2455253.98537 0.987106  0.001827 FTN       
2455253.98635 0.983215  0.001820 FTN       
2455253.98734 0.984639  0.001832 FTN       
2455253.98833 0.982802  0.001856 FTN       
2455253.98931 0.983890  0.001849 FTN       
2455253.99030 0.984019  0.001849 FTN       
2455253.99127 0.983015  0.001829 FTN       
2455253.99226 0.983741  0.001848 FTN       
2455253.99324 0.983797  0.001848 FTN       
2455253.99423 0.983989  0.001858 FTN       
2455253.99520 0.983211  0.001847 FTN       
2455253.99620 0.978939  0.001812 FTN       
2455253.99718 0.985662  0.001816 FTN       
2455253.99817 0.982971  0.001865 FTN       
2455253.99915 0.985203  0.001824 FTN       
2455254.00015 0.986802  0.001827 FTN       
2455254.00112 0.982216  0.001809 FTN       
2455254.00210 0.985679  0.001861 FTN       
2455254.00307 0.983550  0.001812 FTN       
2455254.00406 0.983905  0.001831 FTN       
2455254.00504 0.986247  0.001817 FTN       
2455254.00603 0.985060  0.001833 FTN       
2455254.00701 0.985488  0.001815 FTN       
2455254.00801 0.981368  0.001808 FTN       
2455254.00899 0.986190  0.001862 FTN       
2455254.00997 0.986591  0.001863 FTN       
2455254.01096 0.984423  0.001841 FTN       
2455254.01195 0.983745  0.001857 FTN       
2455254.01294 0.984082  0.001831 FTN       
2455254.01392 0.984056  0.001822 FTN       
2455254.01489 0.984402  0.001831 FTN       
2455254.01589 0.982592  0.001819 FTN       
2455254.01688 0.984541  0.001823 FTN       
2455254.01786 0.984878  0.001823 FTN       
2455254.01884 0.985316  0.001851 FTN       
2455254.01983 0.984918  0.001860 FTN       
2455254.02082 0.984702  0.001868 FTN       
2455254.02181 0.984893  0.001851 FTN       
2455254.02280 0.985439  0.001861 FTN       
2455254.02378 0.986631  0.001863 FTN       
2455254.02477 0.986560  0.001881 FTN       
2455254.02575 0.986579  0.001863 FTN       
2455254.02673 0.985355  0.001860 FTN       
2455254.02773 0.987146  0.001882 FTN       
2455254.02871 0.990043  0.001897 FTN       
2455254.02970 0.990601  0.001889 FTN       
2455254.03068 0.988306  0.001893 FTN       
2455254.03167 0.989364  0.001904 FTN       
2455254.03266 0.988181  0.001911 FTN       
2455254.03364 0.991620  0.001881 FTN       
2455254.03463 0.992271  0.001910 FTN       
2455254.03561 0.991048  0.001926 FTN       
2455254.03659 0.991771  0.001909 FTN       
2455254.03759 0.992915  0.001902 FTN       
2455254.03857 0.993374  0.001921 FTN       
2455254.03956 0.994584  0.001924 FTN       
2455254.04054 0.993890  0.001922 FTN       
2455254.04151 0.994267  0.001914 FTN       
2455254.04251 0.996212  0.001927 FTN       
2455254.04349 0.997563  0.001966 FTN       
2455254.04446 0.996802  0.001937 FTN       
2455254.04545 0.998430  0.001950 FTN       
2455254.04644 0.999039  0.001942 FTN       
2455254.04743 0.998921  0.001960 FTN       
2455254.04841 1.000506  0.001954 FTN       
2455254.04940 0.998722  0.001950 FTN       
2455254.05039 0.997785  0.001976 FTN       
2455254.05136 0.999212  0.001951 FTN       
2455254.05236 1.001093  0.001973 FTN       
2455254.05334 1.002682  0.001967 FTN       
2455254.05434 0.999603  0.001970 FTN       
2455254.05531 0.998906  0.001950 FTN       
2455254.05631 0.998263  0.001968 FTN       
2455254.05728 0.999977  0.001971 FTN       
2455254.05828 0.999665  0.001970 FTN       
2455254.05926 0.999584  0.001989 FTN       
2455254.06025 1.000737  0.001982 FTN       
2455254.06122 1.000370  0.001981 FTN       
2455254.06223 1.001616  0.001983 FTN       
2455254.06320 0.999387  0.001988 FTN       
2455254.06420 0.998542  0.001977 FTN       
2455254.06517 0.997891  0.001985 FTN       
2455254.06618 1.001871  0.001993 FTN       
2455254.06715 1.000241  0.001981 FTN       
2455254.06815 0.999644  0.001989 FTN       
2455254.06912 1.000170  0.001981 FTN       
2455254.07011 0.998294  0.001986 FTN       
2455254.07110 1.000367  0.001999 FTN       
2455254.07208 0.999981  0.001999 FTN       
2455254.07307 1.000757  0.002000 FTN       
2455254.07406 1.001671  0.001993 FTN       
2455254.07504 1.002291  0.002012 FTN       
2455254.07603 0.997734  0.002022 FTN       
2455254.07701 0.997000  0.001993 FTN       
2455254.07801 1.000249  0.002008 FTN       
2455254.07898 0.999237  0.002006 FTN       
2455254.07994 0.998071  0.002013 FTN       
2455254.08092 0.999517  0.002007 FTN       
2455254.08192 0.999694  0.002026 FTN       
2455254.08290 1.000128  0.001999 FTN       
2455254.08389 1.001355  0.002020 FTN       
2455254.08487 0.999238  0.002034 FTN       
2455254.08586 1.000372  0.002064 FTN       
2455254.08685 0.999913  0.002035 FTN       
2455254.08782 1.000845  0.002028 FTN       
2455254.08881 1.002591  0.002068 FTN       
2455254.08980 1.001365  0.002057 FTN       
2455254.09079 1.001523  0.002066 FTN       
2455254.09176 1.000437  0.002175 FTN       
2455254.09274 1.000651  0.002046 FTN       
2455254.09373 1.000192  0.002073 FTN       
2455254.09472 1.003413  0.002079 FTN       
2455301.60031 0.997649  0.002398 EulerCAM     
2455301.60134 0.996349  0.002399 EulerCAM     
2455301.60215 1.002843  0.002399 EulerCAM     
2455301.60297 1.000544  0.002399 EulerCAM     
2455301.60378 0.999545  0.002398 EulerCAM     
2455301.60456 1.003542  0.002399 EulerCAM     
2455301.60535 0.997945  0.002398 EulerCAM     
2455301.60615 0.997045  0.002399 EulerCAM     
2455301.60791 0.998542  0.002399 EulerCAM     
2455301.60879 0.998741  0.002498 EulerCAM     
2455301.60967 1.002639  0.002498 EulerCAM     
2455301.61055 0.997741  0.002499 EulerCAM     
2455301.61144 0.998540  0.002499 EulerCAM     
2455301.61233 0.998539  0.002499 EulerCAM     
2455301.61322 0.996940  0.002498 EulerCAM     
2455301.61410 0.997738  0.002499 EulerCAM     
2455301.61499 1.002135  0.002499 EulerCAM     
2455301.61588 0.998437  0.002499 EulerCAM     
2455301.61676 0.996638  0.002499 EulerCAM     
2455301.61765 1.003133  0.002498 EulerCAM     
2455301.61853 0.998036  0.002498 EulerCAM     
2455301.61942 1.002132  0.002499 EulerCAM     
2455301.62030 0.996035  0.002498 EulerCAM     
2455301.62119 1.000831  0.002498 EulerCAM     
2455301.62208 1.000831  0.002498 EulerCAM     
2455301.62296 0.997933  0.002498 EulerCAM     
2455301.62385 0.998831  0.002499 EulerCAM     
2455301.62474 1.001829  0.002499 EulerCAM     
2455301.62562 0.997331  0.002499 EulerCAM     
2455301.62650 0.999629  0.002499 EulerCAM     
2455301.62738 1.002326  0.002498 EulerCAM     
2455301.62826 1.000228  0.002498 EulerCAM     
2455301.62914 0.997728  0.002499 EulerCAM     
2455301.63002 1.000825  0.002498 EulerCAM     
2455301.63091 0.994929  0.002498 EulerCAM     
2455301.63179 0.997527  0.002498 EulerCAM     
2455301.63267 0.993729  0.002499 EulerCAM     
2455301.63355 0.993928  0.002498 EulerCAM     
2455301.63443 0.994527  0.002498 EulerCAM     
2455301.63532 0.993627  0.002498 EulerCAM     
2455301.63620 0.993227  0.002498 EulerCAM     
2455301.63708 0.989329  0.002499 EulerCAM     
2455301.63797 0.992226  0.002499 EulerCAM     
2455301.63886 0.990627  0.002498 EulerCAM     
2455301.63974 0.989826  0.002598 EulerCAM     
2455301.64062 0.987427  0.002598 EulerCAM     
2455301.64150 0.988226  0.002599 EulerCAM     
2455301.64238 0.989225  0.002598 EulerCAM     
2455301.64326 0.992522  0.002598 EulerCAM     
2455301.64415 0.987825  0.002598 EulerCAM     
2455301.64503 0.989723  0.002598 EulerCAM     
2455301.64592 0.988223  0.002599 EulerCAM     
2455301.64680 0.984825  0.002598 EulerCAM     
2455301.64784 0.984125  0.002598 EulerCAM     
2455301.64872 0.986123  0.002599 EulerCAM     
2455301.64960 0.984723  0.002598 EulerCAM     
2455301.65048 0.987321  0.002598 EulerCAM     
2455301.65136 0.986021  0.002598 EulerCAM     
2455301.65224 0.985021  0.002598 EulerCAM     
2455301.65312 0.985121  0.002599 EulerCAM     
2455301.65400 0.985620  0.002598 EulerCAM     
2455301.65488 0.988617  0.002598 EulerCAM     
2455301.65576 0.983920  0.002598 EulerCAM     
2455301.65665 0.986817  0.002599 EulerCAM     
2455301.65753 0.985717  0.002598 EulerCAM     
2455301.65842 0.983218  0.002598 EulerCAM     
2455301.65930 0.987915  0.002598 EulerCAM     
2455301.66018 0.987414  0.002598 EulerCAM     
2455301.66107 0.984516  0.002598 EulerCAM     
2455301.66196 0.986314  0.002598 EulerCAM     
2455301.66284 0.985014  0.002598 EulerCAM     
2455301.66372 0.983714  0.002599 EulerCAM     
2455301.66460 0.986412  0.002598 EulerCAM     
2455301.66548 0.980615  0.002598 EulerCAM     
2455301.66636 0.987710  0.002598 EulerCAM     
2455301.66724 0.983912  0.002598 EulerCAM     
2455301.66813 0.984111  0.002598 EulerCAM     
2455301.66901 0.983711  0.002598 EulerCAM     
2455301.66990 0.983610  0.002598 EulerCAM     
2455301.67078 0.984310  0.002598 EulerCAM     
2455301.67166 0.986707  0.002698 EulerCAM     
2455301.67254 0.989304  0.002698 EulerCAM     
2455301.67342 0.986306  0.002698 EulerCAM     
2455301.67430 0.983507  0.002699 EulerCAM     
2455301.67518 0.986805  0.002698 EulerCAM     
2455301.67605 0.984106  0.002698 EulerCAM     
2455301.67694 0.983406  0.002698 EulerCAM     
2455301.67783 0.982506  0.002698 EulerCAM     
2455301.67872 0.982305  0.002698 EulerCAM     
2455301.67960 0.984903  0.002698 EulerCAM     
2455301.68048 0.984902  0.002698 EulerCAM     
2455301.68136 0.988798  0.002698 EulerCAM     
2455301.68224 0.984901  0.002698 EulerCAM     
2455301.68311 0.983801  0.002698 EulerCAM     
2455301.68400 0.985699  0.002698 EulerCAM     
2455301.68487 0.983500  0.002698 EulerCAM     
2455301.68576 0.985098  0.002698 EulerCAM     
2455301.68665 0.982100  0.002698 EulerCAM     
2455301.68753 0.984597  0.002698 EulerCAM     
2455301.68842 0.986196  0.002698 EulerCAM     
2455301.68930 0.982998  0.002698 EulerCAM     
2455301.69017 0.985295  0.002698 EulerCAM     
2455301.69106 0.986194  0.002698 EulerCAM     
2455301.69194 0.983395  0.002698 EulerCAM     
2455301.69281 0.989590  0.002698 EulerCAM     
2455301.69369 0.982095  0.002698 EulerCAM     
2455301.69458 0.986092  0.002698 EulerCAM     
2455301.69547 0.985991  0.002698 EulerCAM     
2455301.69636 0.987790  0.002698 EulerCAM     
2455301.69724 0.985390  0.002698 EulerCAM     
2455301.69812 0.985790  0.002698 EulerCAM     
2455301.69899 0.987488  0.002698 EulerCAM     
2455301.69988 0.988986  0.002698 EulerCAM     
2455301.70075 0.984889  0.002698 EulerCAM     
2455301.70163 0.984088  0.002698 EulerCAM     
2455301.70251 0.985087  0.002698 EulerCAM     
2455301.70340 0.987285  0.002798 EulerCAM     
2455301.70428 0.986985  0.002798 EulerCAM     
2455301.70517 0.987784  0.002798 EulerCAM     
2455301.70605 0.983686  0.002798 EulerCAM     
2455301.70694 0.982786  0.002798 EulerCAM     
2455301.70782 0.985883  0.002798 EulerCAM     
2455301.70870 0.987781  0.002798 EulerCAM     
2455301.70957 0.990079  0.002798 EulerCAM     
2455301.71046 0.986481  0.002798 EulerCAM     
2455301.71135 0.987479  0.002798 EulerCAM     
2455301.71223 0.985780  0.002798 EulerCAM     
2455301.71311 0.993274  0.002798 EulerCAM     
2455301.71401 0.989975  0.002798 EulerCAM     
2455301.71489 0.992174  0.002798 EulerCAM     
2455301.71577 0.995370  0.002798 EulerCAM     
2455301.71667 0.993572  0.002798 EulerCAM     
2455301.71755 0.992871  0.002798 EulerCAM     
2455301.71845 0.990073  0.002798 EulerCAM     
2455301.71933 0.994069  0.002798 EulerCAM     
2455301.72022 0.992369  0.002798 EulerCAM     
2455301.72127 0.997965  0.002798 EulerCAM     
2455301.72216 0.996865  0.002798 EulerCAM     
2455301.72304 0.993767  0.002798 EulerCAM     
2455301.72393 0.993266  0.002798 EulerCAM     
2455301.72482 0.994465  0.002798 EulerCAM     
2455301.72570 0.996662  0.002798 EulerCAM     
2455301.72659 0.997162  0.002798 EulerCAM     
2455301.72748 0.999859  0.002798 EulerCAM     
2455301.72836 0.999559  0.002798 EulerCAM     
2455301.72926 0.995061  0.002798 EulerCAM     
2455301.73014 0.999457  0.002798 EulerCAM     
2455301.73103 0.996059  0.002798 EulerCAM     
2455301.73192 0.997258  0.002798 EulerCAM     
2455301.73280 1.002253  0.002798 EulerCAM     
2455301.73369 0.997856  0.002798 EulerCAM     
2455301.73458 1.000654  0.002898 EulerCAM     
2455301.73547 1.000354  0.002898 EulerCAM     
2455301.73635 0.998953  0.002898 EulerCAM     
2455301.73724 1.003050  0.002898 EulerCAM     
2455301.73813 1.003549  0.002898 EulerCAM     
2455301.73901 0.998952  0.002898 EulerCAM     
2455301.73990 1.001150  0.002898 EulerCAM     
2455301.74079 0.998950  0.002898 EulerCAM     
2455301.74167 1.002048  0.002898 EulerCAM     
2455301.74257 1.003446  0.002897 EulerCAM     
2455301.74345 0.999249  0.002898 EulerCAM     
2455301.74434 0.995750  0.002898 EulerCAM     
2455301.74523 0.996949  0.002898 EulerCAM     
2455301.74611 0.998847  0.002898 EulerCAM     
2455301.74700 1.000745  0.002898 EulerCAM     
2455301.74789 0.991651  0.002898 EulerCAM     
2455301.74878 1.001443  0.002898 EulerCAM     
2455301.74966 1.000344  0.002898 EulerCAM     
2455301.75054 1.000043  0.002898 EulerCAM     
2455301.75144 0.994047  0.002898 EulerCAM     
2455301.75232 0.998143  0.002898 EulerCAM     
2455301.75322 0.995644  0.002898 EulerCAM     
2455301.75410 1.001940  0.002898 EulerCAM     
2455301.75499 1.001040  0.002898 EulerCAM     
2455301.75587 0.998940  0.002898 EulerCAM     
2455301.75676 1.001438  0.002898 EulerCAM     
2455301.75764 0.994443  0.002898 EulerCAM     
2455301.75853 0.997239  0.002898 EulerCAM     
2455301.75942 0.998239  0.002898 EulerCAM     
2455301.76030 0.997638  0.002898 EulerCAM     
2455301.76119 0.999636  0.002897 EulerCAM     
2455301.76207 1.002833  0.002897 EulerCAM     
2455301.76296 1.000734  0.002898 EulerCAM     
2455301.76385 0.993339  0.002897 EulerCAM     
2455301.76474 1.001732  0.002898 EulerCAM     
2455301.76563 0.998834  0.002898 EulerCAM     
2455301.76651 1.003329  0.002998 EulerCAM     
2455301.76740 1.002330  0.002998 EulerCAM     
2455301.76829 1.006825  0.002998 EulerCAM     
2455301.76917 0.995833  0.002997 EulerCAM     
2455301.77005 1.000330  0.002998 EulerCAM     
2455301.77093 1.001128  0.002998 EulerCAM     
