6252.555450  0.00400332   0.00396134
6252.555620  0.00409106   0.00395847
6252.555820 -0.00651584   0.00395906
6252.555990 -0.00425112   0.00395486
6252.556180 -0.01301101   0.00395488
6252.556360 -0.00691997   0.00395086
6252.556560  0.00184497   0.00394881
6252.556750  0.00353028   0.00394645
6252.556920 -0.01215097   0.00394578
6252.557110 -0.01050174   0.00393953
6252.557280 -0.00085253   0.00393819
6252.557480 -0.01154850   0.00393584
6252.557610 -0.00760483   0.00393120
6252.557770 -0.00537218   0.00393321
6252.557900 -0.00393385   0.00393404
6252.558080  0.00356286   0.00392782
6252.558260 -0.00095367   0.00393449
6252.558400 -0.00564749   0.00392623
6252.558540 -0.00583823   0.00392642
6252.558680 -0.01093893   0.00392493
6252.558820 -0.00691696   0.00392555
6252.558960 -0.00553655   0.00392720
6252.559100  0.00362443   0.00392437
6252.559250  0.00410522   0.00392060
6252.559390 -0.00138037   0.00391834
6252.559520 -0.00561583   0.00391851
6252.559660  0.00465947   0.00391711
6252.559850 -0.01276774   0.00391274
6252.559990  0.00017015   0.00391898
6252.560160 -0.00705016   0.00391358
6252.560360  0.00241526   0.00391574
6252.560540  0.00017839   0.00390693
6252.560730 -0.00030748   0.00391431
6252.560900 -0.00753685   0.00391008
6252.561050 -0.00965533   0.00390895
6252.561190 -0.00810481   0.00390312
6252.561330 -0.00319756   0.00389890
6252.561480  0.00154768   0.00389907
6252.561680 -0.00609747   0.00389847
6252.561820  0.00386923   0.00389519
6252.561970 -0.00187020   0.00389985
6252.562120 -0.00170157   0.00389075
6252.562820 -0.00386430   0.00388578
6252.564120 -0.00727061   0.00387633
6252.564270 -0.00437677   0.00387653
6252.564450  0.00176507   0.00387735
6252.564650  0.00036470   0.00388087
6252.564800 -0.00780829   0.00387359
6252.564960  0.00091260   0.00387665
6252.567300 -0.00581659   0.00385296
6252.567520 -0.00644593   0.00383278
6252.569550 -0.00162123   0.00383545
6252.569690  0.00252948   0.00383053
6252.569840 -0.00372746   0.00382905
6252.570880  0.00428540   0.00382368
6252.571640 -0.00332549   0.00382550
6252.571780  0.00642981   0.00382286
6252.571920 -0.00645790   0.00382248
6252.572070 -0.00425125   0.00382320
6252.572210 -0.00660882   0.00382359
6252.572390 -0.00082130   0.00381978
6252.572580  0.00353330   0.00381937
6252.572760  0.00364701   0.00381783
6252.572940  0.00057002   0.00381257
6252.573090  0.00016781   0.00381268
6252.573230  0.00241199   0.00381386
6252.573370  0.00461736   0.00381016
6252.573510 -0.00305858   0.00381201
6252.573640  0.00002391   0.00381181
6252.573780  0.00322323   0.00381083
6252.573920  0.00634040   0.00380987
6252.574070  0.00067597   0.00380888
6252.574210  0.00872453   0.00380976
6252.574350 -0.00376346   0.00380450
6252.574540 -0.00013049   0.00380752
6252.574670  0.00532501   0.00380959
6252.574810  0.00454305   0.00381070
6252.574950  0.00816917   0.00380745
6252.575140  0.00265582   0.00381086
6252.575320  0.00361769   0.00380500
6252.575510  0.00300877   0.00380485
6252.575650  0.00342608   0.00380622
6252.575780  0.00402764   0.00380540
6252.575980  0.00293207   0.00380574
6252.576180  0.00947753   0.00380368
6252.576320  0.00432237   0.00379996
6252.576460  0.00745974   0.00379767
6252.576600  0.00569188   0.00379532
6252.576730  0.00545111   0.00379690
6252.576880  0.00822200   0.00379186
6252.577020  0.00678477   0.00379768
6252.577200  0.00371168   0.00379425
6252.577350  0.00286293   0.00378828
6252.577490  0.00141681   0.00379339
6252.577630  0.00759023   0.00379221
6252.577950 -0.00149889   0.00378844
6252.578090  0.00081010   0.00378548
6252.578230  0.00439709   0.00378304
6252.578410  0.01252969   0.00378486
6252.578550  0.00149197   0.00378255
6252.578740  0.00395609   0.00378121
6252.578880 -0.00258446   0.00378573
6252.579010  0.00179655   0.00378253
6252.579150  0.00427406   0.00378434
6252.579290  0.00624787   0.00378267
6252.579440  0.00275239   0.00378497
6252.579630  0.00766626   0.00377869
6252.579820 -0.00282814   0.00378601
6252.579960  0.00496154   0.00377839
6252.580100  0.00889802   0.00378192
6252.580250 -0.00225504   0.00377730
6252.580390  0.00849693   0.00377557
6252.580530  0.00102492   0.00377954
6252.580670  0.00728963   0.00377677
6252.580810  0.01466702   0.00377633
6252.580960  0.01292254   0.00377621
6252.581100 -0.00013405   0.00377502
6252.581240  0.00678110   0.00377496
6252.581370  0.00402866   0.00377386
6252.581550  0.00973043   0.00377200
6252.581700  0.01023772   0.00376595
6252.581840  0.00537086   0.00377109
6252.581980  0.01015074   0.00377277
6252.582120  0.00800738   0.00377317
6252.582250  0.00370964   0.00377585
6252.582390  0.00903876   0.00377460
6252.582540  0.01700510   0.00376482
6252.582680  0.01233033   0.00376892
6252.582860  0.02049372   0.00376797
6252.583000  0.01142575   0.00376854
6252.583130  0.00675406   0.00376541
6252.583280  0.01258540   0.00376952
6252.583420  0.00908915   0.00376837
6252.583600  0.00412983   0.00376731
6252.583740  0.00896512   0.00375949
6252.584570  0.00784683   0.00376243
6252.584750  0.00866017   0.00375614
6252.584890  0.00755751   0.00375577
6252.585030  0.01440699   0.00375327
6252.585220  0.01285573   0.00375516
6252.585360  0.00871356   0.00375780
6252.585500  0.00257056   0.00375404
6252.585630  0.00730729   0.00375543
6252.585770  0.00832614   0.00375292
6252.585910  0.00514805   0.00375532
6252.586100  0.00246375   0.00375056
6252.586240  0.00161056   0.00375317
6252.586370  0.00348681   0.00374918
6252.586510  0.00665380   0.00375217
6252.586700  0.01210078   0.00375302
6252.586870  0.00806400   0.00375603
6252.587020  0.01835945   0.00375410
6252.587160  0.01611985   0.00375399
6252.587300  0.00498042   0.00375364
6252.587440  0.01160432   0.00375104
6252.587620  0.00432280   0.00374795
6252.587800  0.00246898   0.00374780
6252.587980  0.00909938   0.00374830
6252.588170  0.01250779   0.00375034
6252.588350  0.01516194   0.00374680
6252.588530  0.00967897   0.00374802
6252.588720  0.00816929   0.00374399
6252.588910  0.01094932   0.00374518
6252.589270  0.01090555   0.00374072
6252.589450  0.01135498   0.00373859
6252.589590  0.00399301   0.00374031
6252.589730  0.00826247   0.00373370
6252.589870  0.01368849   0.00373715
6252.590020  0.01096601   0.00373542
6252.590160  0.01209590   0.00373313
6252.590300  0.00878693   0.00373923
6252.590470  0.01413080   0.00373582
6252.590610  0.00350321   0.00373358
6252.590750  0.00812552   0.00373321
6252.590920  0.00505674   0.00373462
6252.591060  0.01147261   0.00373088
6252.591200  0.00642666   0.00373245
6252.591340  0.00954447   0.00373925
6252.591480  0.00156381   0.00374791
6252.591630  0.00734407   0.00374541
6252.591770  0.01307359   0.00374828
6252.591910  0.02094171   0.00374694
6252.592050  0.01217782   0.00374690
6252.592180  0.00975840   0.00374439
6252.592330  0.00674887   0.00374527
6252.592470  0.01138039   0.00374759
6252.592610  0.01580553   0.00374566
6252.592760  0.00996864   0.00374686
6252.592900  0.00678173   0.00374486
6252.593040  0.01754404   0.00374473
6252.593180 -0.00202977   0.00374597
6252.593350  0.00269665   0.00374554
6252.593490  0.00822733   0.00374624
6252.593630  0.01108555   0.00374323
6252.593800  0.00690816   0.00374338
6252.594090  0.00171158   0.00374115
6252.594230  0.01137870   0.00374151
6252.594370  0.00954165   0.00373992
6252.594550 -0.00297265   0.00373959
6252.594680  0.00725257   0.00373870
6252.594820  0.00326940   0.00373761
6252.595000  0.01181576   0.00373586
6252.595140  0.01334322   0.00373699
6252.595290  0.01583045   0.00373577
6252.595430  0.01030131   0.00373240
6252.595560  0.01270761   0.00373038
6252.595740  0.00957946   0.00373164
6252.595880  0.00413508   0.00372923
6252.596020  0.00619424   0.00372716
6252.596190  0.00557599   0.00372759
6252.596330  0.00275839   0.00372844
6252.596470  0.01521870   0.00372817
6252.596640  0.01381464   0.00373002
6252.596780  0.00894851   0.00372754
6252.596920  0.01572925   0.00372711
6252.597070  0.01086251   0.00373017
6252.597210  0.00046299   0.00372667
6252.597350  0.01252925   0.00373022
6252.597490  0.01517796   0.00372802
6252.597640  0.00669888   0.00372561
6252.597770  0.00689404   0.00372615
6252.597910  0.01082913   0.00372408
6252.598050  0.00809109   0.00372386
6252.598200  0.00599900   0.00372554
6252.598390  0.00020766   0.00372502
6252.598560  0.00863010   0.00372803
6252.598750  0.01172040   0.00372424
6252.598890  0.00876683   0.00372738
6252.599020  0.00435296   0.00372655
6252.599160  0.01255327   0.00372412
6252.599300  0.01002526   0.00372394
6252.599440  0.01099919   0.00372326
6252.599590  0.01059990   0.00372933
6252.599730  0.01424392   0.00372761
6252.599870  0.01142400   0.00372855
6252.600010  0.00453402   0.00372763
6252.600150  0.00936523   0.00372206
6252.600290  0.01922916   0.00372403
6252.600440  0.01477307   0.00372668
6252.600580  0.01090542   0.00372354
6252.600710  0.01562834   0.00372751
6252.600850  0.01334662   0.00372849
6252.600990  0.01010584   0.00372374
6252.601180  0.00420094   0.00372232
6252.601360  0.01583242   0.00371714
6252.601550  0.01602483   0.00372176
6252.601690  0.00997978   0.00372237
6252.601860  0.00684227   0.00371869
6252.602050  0.01700036   0.00372191
6252.602230  0.00492358   0.00371862
6252.602400  0.01010540   0.00371495
6252.602590  0.01493365   0.00371793
6252.602760  0.00529096   0.00372019
6252.602900  0.01155456   0.00371556
6252.603080  0.00415408   0.00372020
6252.603210  0.02301248   0.00371786
6252.603400  0.00912419   0.00372186
6252.603540  0.00094693   0.00372193
6252.603690  0.00947415   0.00371679
6252.603830  0.00780517   0.00371726
6252.603970  0.00586722   0.00372113
6252.604110  0.00816615   0.00371970
6252.604240  0.02154645   0.00372390
6252.604390  0.00807498   0.00371963
6252.604530  0.00901494   0.00371536
6252.604670  0.01532170   0.00371933
6252.604850  0.00807626   0.00371583
6252.605000  0.01380776   0.00371813
6252.605140  0.00704096   0.00372163
6252.605270  0.01259108   0.00371605
6252.605420  0.00710008   0.00370896
6252.605560  0.00985170   0.00371072
6252.605740  0.01081460   0.00370470
6252.605920  0.01951852   0.00371040
6252.606110  0.01120313   0.00370265
6252.606250  0.01440557   0.00370935
6252.606390  0.02120910   0.00370660
6252.606580  0.00995177   0.00370303
6252.606770  0.00737919   0.00370799
6252.606910  0.01687844   0.00370791
6252.607040  0.01050486   0.00370870
6252.609920  0.01627715   0.00371113
6252.610090  0.00916611   0.00370438
6252.610230  0.01291437   0.00370981
6252.610370  0.02141859   0.00370738
6252.610510  0.01197552   0.00370791
6252.610660  0.01284340   0.00370787
6252.610790  0.02528380   0.00371109
6252.610930  0.01958975   0.00370902
6252.611070  0.01562520   0.00370712
6252.611210  0.01593496   0.00370579
6252.611350  0.01330791   0.00370734
6252.611490  0.02186517   0.00370726
6252.611640  0.00615514   0.00370913
6252.611780  0.01919574   0.00370615
6252.611930  0.00268183   0.00371004
6252.612140  0.01833661   0.00371114
6252.612320  0.01292200   0.00370862
6252.612460  0.01959099   0.00370104
6252.612610  0.02062973   0.00370617
6252.612750  0.01804035   0.00370703
6252.612890  0.02016648   0.00370604
6252.613030  0.01555725   0.00371143
6252.613210  0.01072021   0.00371319
6252.613390  0.01465024   0.00370491
6252.613540  0.01915648   0.00370587
6252.613720  0.02251325   0.00370750
6252.613860  0.01417727   0.00370914
6252.614000  0.00972571   0.00370661
6252.614190  0.01872963   0.00370689
6252.614340  0.01870170   0.00371048
6252.614470  0.01213494   0.00371194
6252.614610  0.01355459   0.00370654
6252.614750  0.02229457   0.00371123
6252.614930  0.01001220   0.00371016
6252.615070  0.00924968   0.00370357
6252.615200  0.02207138   0.00370809
6252.615420  0.02559419   0.00371176
6252.615610  0.02052777   0.00371096
6252.615750  0.01446870   0.00371076
6252.615930  0.01866072   0.00370829
6252.616070  0.01602067   0.00371085
6252.616210  0.01948844   0.00370811
6252.616400  0.00939350   0.00370984
6252.616540  0.01439485   0.00370895
6252.616690  0.01281775   0.00371067
6252.616820  0.01553595   0.00371366
6252.616960  0.01571576   0.00371298
6252.617100  0.01675930   0.00371065
6252.617280  0.01037354   0.00371348
6252.617430  0.01851494   0.00371135
6252.617570  0.01958166   0.00371047
6252.617720  0.02052382   0.00371118
6252.617850  0.01865475   0.00371539
6252.617990  0.02508641   0.00371157
6252.618130  0.01342057   0.00371283
6252.618270  0.02187296   0.00371381
6252.618420  0.02072485   0.00371523
6252.618560  0.01616447   0.00371229
6252.618700  0.01243888   0.00371432
6252.618840  0.00690679   0.00371522
6252.618990  0.01469945   0.00371499
6252.619130  0.01863020   0.00371423
6252.619270  0.02468141   0.00371093
6252.619420  0.01973994   0.00371522
6252.619560  0.02403917   0.00371721
6252.619690  0.01501646   0.00371206
6252.619850  0.02208233   0.00371542
6252.619980  0.02054976   0.00371628
6252.620120  0.01739177   0.00371088
6252.620260  0.02180123   0.00371570
6252.620450  0.00951459   0.00371604
6252.620630  0.02278863   0.00371490
6252.620820  0.02251701   0.00371820
6252.620960  0.01511727   0.00371531
6252.621090  0.01849532   0.00371962
6252.621280  0.01734228   0.00371638
6252.621420  0.02088898   0.00372010
6252.621570  0.01831417   0.00371810
6252.621710  0.02567765   0.00371943
6252.621850  0.01871590   0.00371753
6252.622020  0.01686736   0.00372070
6252.622160  0.01378638   0.00371811
6252.622340  0.02271103   0.00372300
6252.622480  0.02134870   0.00371942
6252.622630  0.01965080   0.00371967
6252.622810  0.01218913   0.00372362
6252.622950  0.02106664   0.00372747
6252.623130  0.01666614   0.00372516
6252.623280  0.01653384   0.00372762
6252.623420  0.02128762   0.00372698
6252.623560  0.01204172   0.00372430
6252.623700  0.01663416   0.00372852
6252.623900  0.01519216   0.00372737
6252.624030  0.02001411   0.00372886
6252.624170  0.01607788   0.00372647
6252.624320  0.02048121   0.00372863
6252.624460  0.01847926   0.00372835
6252.624670  0.01465575   0.00372608
6252.624860  0.02117502   0.00372862
6252.625000  0.02290343   0.00373219
6252.625130  0.01973416   0.00372803
6252.625340  0.01283423   0.00373004
6252.625520  0.01902593   0.00373178
6252.625650  0.03043100   0.00373499
6252.625810  0.01668020   0.00373693
6252.625940  0.02416742   0.00373512
6252.626090  0.02079406   0.00373308
6252.626230  0.01696762   0.00373383
6252.626370  0.01541521   0.00373247
6252.626550  0.01757083   0.00373278
6252.626680  0.02545892   0.00373624
6252.626840  0.01201869   0.00373608
6252.627000  0.02294273   0.00373386
6252.627150  0.00727604   0.00373342
6252.627320  0.02246609   0.00373392
6252.627460  0.01136158   0.00373654
6252.627610  0.01917943   0.00373786
6252.627750  0.02344039   0.00373930
6252.627890  0.01937959   0.00373752
6252.628030  0.01728598   0.00374243
6252.628170  0.01777829   0.00374049
6252.628340  0.01847086   0.00374363
6252.628490  0.01547721   0.00373676
6252.628630  0.02596167   0.00374394
6252.628810  0.01864386   0.00374255
6252.628950  0.01606765   0.00374570
6252.629090  0.01655897   0.00374483
6252.629270  0.01454939   0.00374359
6252.629420  0.01577712   0.00374056
6252.629560  0.02061769   0.00374528
6252.629690  0.01846786   0.00374475
6252.629840  0.01782293   0.00374662
6252.629980  0.01295251   0.00374333
6252.630120  0.01658451   0.00374291
6252.630260  0.01838675   0.00374433
6252.630410  0.01620938   0.00374660
6252.630550  0.01898008   0.00374671
6252.630720  0.01677554   0.00374636
6252.630860  0.01605964   0.00374190
6252.631010  0.01625939   0.00374703
6252.631180  0.02337806   0.00374595
6252.631360  0.01817402   0.00374956
6252.631500  0.02233080   0.00374578
6252.631640  0.00920486   0.00374891
6252.631780  0.01803700   0.00375152
6252.631930  0.02308107   0.00375423
6252.632070  0.01623458   0.00375195
6252.632210  0.01766565   0.00375111
6252.632360  0.00797368   0.00375124
6252.632490  0.01551242   0.00375229
6252.632680  0.01435445   0.00375244
6252.632820  0.01843617   0.00375249
6252.633000  0.01416239   0.00375915
6252.633190  0.00899540   0.00375843
6252.633370  0.01665281   0.00375560
6252.633560  0.01189529   0.00375757
6252.633730  0.01892235   0.00376025
6252.633900  0.01172423   0.00375998
6252.634090  0.02269578   0.00376062
6252.634280  0.01012276   0.00375823
6252.634460  0.02313319   0.00375916
6252.634660  0.01282149   0.00375849
6252.634830  0.02309491   0.00376601
6252.635030  0.02062163   0.00376179
6252.635230  0.02148885   0.00376348
6252.635400  0.01317013   0.00376621
6252.635600  0.02394140   0.00376042
6252.635790  0.01329527   0.00376695
6252.635970  0.01057115   0.00376744
6252.636150  0.01146320   0.00376553
6252.636340  0.01289476   0.00376836
6252.636520  0.01156497   0.00376787
6252.636700  0.01597162   0.00377037
6252.636880  0.02230315   0.00377191
6252.637090  0.02799940   0.00377081
6252.637260  0.00798874   0.00377560
6252.637450  0.01737812   0.00377598
6252.637630  0.01723645   0.00377394
6252.637780  0.02194766   0.00377772
6252.637920  0.01515342   0.00377389
6252.638060  0.01684771   0.00377959
6252.638250  0.01800578   0.00377812
6252.638440  0.01825390   0.00378078
6252.638620  0.02493066   0.00378326
6252.638800  0.01686610   0.00378209
6252.638990  0.02261816   0.00378335
6252.639170  0.02055584   0.00378700
6252.639360  0.01068463   0.00378512
6252.639530  0.01644840   0.00378486
6252.639680  0.01113413   0.00378822
6252.639840  0.01936409   0.00378757
6252.640030  0.01169817   0.00378804
6252.640180  0.01035986   0.00378877
6252.640320  0.01767828   0.00379063
6252.640460  0.01334229   0.00379024
6252.640610  0.00736081   0.00379189
6252.640750  0.01596400   0.00379462
6252.640900  0.00978289   0.00379461
6252.641070  0.02569700   0.00379667
6252.641210  0.01196304   0.00379645
6252.641350  0.00932106   0.00379558
6252.641500  0.01352114   0.00379508
6252.641650  0.01753903   0.00379870
6252.641800  0.02223991   0.00380452
6252.641940  0.01987921   0.00380391
6252.642090  0.01848111   0.00380129
6252.642260  0.02133081   0.00380102
6252.642450  0.02891459   0.00380530
6252.642630  0.01248910   0.00380284
6252.642770  0.01628564   0.00380677
6252.642960  0.02641427   0.00380274
6252.643100  0.02323830   0.00380409
6252.643230  0.01716602   0.00380986
6252.643420  0.01501656   0.00380911
6252.643610  0.01634260   0.00381024
6252.643760  0.01714256   0.00381218
6252.643890  0.01603542   0.00381272
6252.644030  0.02173312   0.00381444
6252.644170  0.01822237   0.00381379
6252.644320  0.01441694   0.00381501
6252.644460  0.01591123   0.00381555
6252.644600  0.02062568   0.00381423
6252.644750  0.01535885   0.00381889
6252.644920  0.02078078   0.00381863
6252.645060  0.01799747   0.00381984
6252.645210  0.02268922   0.00382393
6252.645390  0.01885926   0.00382331
6252.645530  0.01926341   0.00382223
6252.645680  0.01794162   0.00382307
6252.645850  0.02273360   0.00382701
6252.645990  0.01679003   0.00382370
6252.646140  0.01520927   0.00382839
6252.646300  0.01855708   0.00382475
6252.646450  0.01400587   0.00382590
6252.646590  0.01584334   0.00382917
6252.646750  0.02411865   0.00383100
6252.646940  0.01538172   0.00382854
6252.647120  0.01778264   0.00383074
6252.647260  0.01243722   0.00383024
6252.647410  0.01537892   0.00383165
6252.647550  0.01737369   0.00383566
6252.647690  0.02104208   0.00383532
6252.647840  0.01990586   0.00383728
6252.648030  0.01321153   0.00383663
6252.648180  0.02546314   0.00383920
6252.648320  0.02386888   0.00383796
6252.648470  0.01994824   0.00384314
6252.648650  0.01468916   0.00384303
6252.648800  0.01856179   0.00384862
6252.648940  0.01299847   0.00384707
6252.649130  0.01654419   0.00385046
6252.649260  0.02286561   0.00384670
6252.649420  0.01418412   0.00384983
6252.649590  0.01694673   0.00385062
6252.649750  0.01346470   0.00385180
6252.649890  0.01789103   0.00385365
6252.650030  0.01888779   0.00385335
6252.650200  0.01860920   0.00385920
6252.650380  0.01415983   0.00385623
6252.650920  0.01625940   0.00386509
6252.651100  0.01663827   0.00386247
6252.651240  0.01997043   0.00386247
6252.651390  0.01589801   0.00386136
6252.651530  0.02677687   0.00386434
6252.651670  0.01354634   0.00386888
6252.651820  0.01532458   0.00386779
6252.651960  0.01802518   0.00386901
6252.652110  0.01652756   0.00386806
6252.652250  0.01868158   0.00387014
6252.652420  0.01780406   0.00386882
6252.652570  0.01104068   0.00387337
6252.652710  0.00937047   0.00387441
6252.652850  0.01827390   0.00387179
6252.653000  0.02027331   0.00387729
6252.653140  0.02386805   0.00387616
6252.653280  0.01534694   0.00388007
6252.653700  0.01391795   0.00388547
6252.653840  0.02041815   0.00388319
6252.653980  0.01450666   0.00388140
6252.654110  0.01043697   0.00388765
6252.654250  0.01249053   0.00388336
6252.654470  0.01427389   0.00388544
6252.654620  0.01757364   0.00389222
6252.654950  0.01740657   0.00389052
6252.655130  0.01298686   0.00389103
6252.655280  0.01949454   0.00389461
6252.655460  0.02423547   0.00389376
6252.655640  0.01333132   0.00390006
6252.655830  0.01396201   0.00390129
6252.655970  0.01791461   0.00389882
6252.656140  0.01626225   0.00390355
6252.656280  0.01783243   0.00390077
6252.656440  0.02007637   0.00390433
6252.656630  0.01347623   0.00390454
6252.656810  0.01594050   0.00390766
6252.656950  0.01925284   0.00390531
6252.657120  0.01058337   0.00390935
6252.657260  0.02182196   0.00391133
6252.657410  0.01586900   0.00391382
6252.657550  0.00898832   0.00391226
6252.657690  0.01646285   0.00391260
6252.657860  0.01745709   0.00391700
6252.658050  0.01418235   0.00391797
6252.658190  0.02188071   0.00391742
6252.658370  0.02648389   0.00392423
6252.658550  0.01222837   0.00392318
6252.658730  0.02316656   0.00392532
6252.658910  0.00706391   0.00392959
6252.659080  0.01870323   0.00392878
6252.659230  0.01407008   0.00392980
6252.659410  0.01641664   0.00393327
6252.659600  0.02051794   0.00393338
6252.659770  0.01831749   0.00393335
6252.659960  0.02249477   0.00393816
6252.660100  0.01629769   0.00393996
6252.660280  0.02546178   0.00394055
6252.660470  0.01365260   0.00393980
6252.660660  0.01647204   0.00394088
6252.660850  0.00836768   0.00394473
6252.661030  0.01134074   0.00394699
6252.661220  0.00924251   0.00394942
6252.661410  0.01757900   0.00394720
6252.661590  0.02521513   0.00395237
6252.661780  0.01866924   0.00395444
6252.661950  0.01374949   0.00395588
6252.662100  0.01464253   0.00395770
6252.662280  0.01555978   0.00396349
6252.662450  0.00597542   0.00396168
6252.662620  0.01334616   0.00396046
6252.662810  0.01768421   0.00396154
6252.662990  0.00949389   0.00396857
6252.663190  0.01606169   0.00396873
6252.663370  0.02185384   0.00396932
6252.663560  0.02246552   0.00396941
6252.663730  0.01151197   0.00397481
6252.663920  0.01279535   0.00397214
6252.664100  0.01586786   0.00397535
6252.664280  0.01571926   0.00398185
6252.664460  0.01574692   0.00397998
6252.664650  0.01558606   0.00398549
6252.664780  0.02754355   0.00398794
6252.664960  0.01986944   0.00399159
6252.665100  0.00857891   0.00398979
6252.665270  0.00719566   0.00399633
6252.665410  0.01022084   0.00399312
6252.665560  0.01337737   0.00399376
6252.665700  0.01631965   0.00399476
6252.665880  0.01927105   0.00399656
6252.666020  0.02587344   0.00400297
6252.666200  0.01512849   0.00399813
6252.666370  0.01459981   0.00400431
6252.666510  0.01861170   0.00400251
6252.666660  0.02167015   0.00400744
6252.666800  0.01836023   0.00400723
6252.666940  0.01181506   0.00401285
6252.667120  0.00987576   0.00401646
6252.667260  0.01850949   0.00401420
6252.667450  0.02373662   0.00401763
6252.667590  0.01950260   0.00401714
6252.667720  0.01553513   0.00401808
6252.667860  0.01209187   0.00402292
6252.668010  0.01101981   0.00402294
6252.668150  0.01795194   0.00402815
6252.668340  0.01605650   0.00403005
6252.668510  0.01919697   0.00403229
6252.668700  0.01799230   0.00403151
6252.668850  0.01312609   0.00403608
6252.668990  0.01820263   0.00403719
6252.669120  0.02798087   0.00403998
6252.669260  0.01651735   0.00404129
6252.669450  0.01079873   0.00404857
6252.669630  0.02040576   0.00405061
6252.669810  0.01769502   0.00404683
6252.669990  0.01728898   0.00405193
6252.670170  0.01890195   0.00405438
6252.670320  0.01204679   0.00405944
6252.670460  0.01749801   0.00405563
6252.670590  0.01445621   0.00406166
6252.670780  0.01856086   0.00406006
6252.670920  0.01976276   0.00406146
6252.671140  0.01017641   0.00406055
6252.671310  0.01999208   0.00407061
6252.671500  0.01308051   0.00407032
6252.671670  0.01610926   0.00407387
6252.671810  0.01391536   0.00407203
6252.671990  0.02303076   0.00407857
6252.672180  0.01533640   0.00408042
6252.672350  0.02459841   0.00408146
6252.672540  0.02113558   0.00408666
6252.672680  0.01623473   0.00408616
6252.672860  0.02354185   0.00408977
6252.673060  0.01144587   0.00408948
6252.673420  0.01628749   0.00410018
6252.673600  0.02006946   0.00409657
6252.673790  0.01445953   0.00410019
6252.674000  0.01722706   0.00409905
6252.674180  0.01807437   0.00410965
6252.674380  0.02286606   0.00410782
6252.674580  0.01429029   0.00410984
6252.674750  0.01737316   0.00411401
6252.674930  0.01250453   0.00411710
6252.675120  0.02061023   0.00411902
6252.675290  0.01305500   0.00412289
6252.675480  0.01740460   0.00412527
6252.675650  0.00430702   0.00412737
6252.675840  0.01842355   0.00413242
6252.676010  0.01621121   0.00413288
6252.676220  0.01562039   0.00414402
6252.676420  0.01270908   0.00414104
6252.676610  0.01156992   0.00414608
6252.676800  0.02090268   0.00414590
6252.676970  0.01661919   0.00414918
6252.677150  0.01433806   0.00414946
6252.677330  0.00932523   0.00415521
6252.677520  0.01248453   0.00415841
6252.677690  0.00919065   0.00415970
6252.677890  0.01512546   0.00416239
6252.678070  0.01940950   0.00416773
6252.678260  0.01228445   0.00416954
6252.678430  0.01915095   0.00417324
6252.678640  0.01606962   0.00417464
6252.678780  0.01569152   0.00417257
6252.678960  0.02223416   0.00417520
6252.679160  0.01621327   0.00418478
6252.679340  0.01858360   0.00418283
6252.679520  0.01488636   0.00418861
6252.679700  0.01674143   0.00419388
6252.679890  0.00978103   0.00419526
6252.680060  0.01794525   0.00419770
6252.680250  0.01939540   0.00420342
6252.680420  0.01515925   0.00420254
6252.680610  0.01537544   0.00420911
6252.680740  0.01334184   0.00421080
6252.680930  0.01748653   0.00421263
6252.681110  0.01340022   0.00421728
6252.681310  0.01692010   0.00422077
6252.681510  0.01891878   0.00422553
6252.681690  0.01981447   0.00422434
6252.681830  0.02691343   0.00422809
6252.682010  0.01180810   0.00423133
6252.682190  0.01388821   0.00423162
6252.682380  0.02077420   0.00423898
6252.682550  0.02351055   0.00424324
6252.682740  0.01630193   0.00424452
6252.682930  0.01355881   0.00424643
6252.683120  0.02723632   0.00424759
6252.683290  0.01134446   0.00425424
6252.683480  0.01100805   0.00425515
6252.683610  0.02121247   0.00425254
6252.683800  0.01027194   0.00426201
6252.683980  0.02019400   0.00426241
6252.684160  0.02050623   0.00426661
6252.684340  0.02058204   0.00427243
6252.684480  0.01243312   0.00427374
6252.684660  0.02226804   0.00427590
6252.684840  0.01746869   0.00427812
6252.684980  0.02093446   0.00428388
6252.685120  0.01044773   0.00428541
6252.685260  0.02068526   0.00428748
6252.685410  0.02223371   0.00429183
6252.685570  0.01886923   0.00429284
6252.685760  0.01635286   0.00429365
6252.685890  0.01257024   0.00430158
6252.686030  0.01719921   0.00429953
6252.686180  0.02040509   0.00430475
6252.686320  0.01705480   0.00430600
6252.686460  0.01147517   0.00430744
6252.686600  0.00703369   0.00430801
6252.686790  0.01423907   0.00431420
6252.686920  0.01131630   0.00431750
6252.687060  0.01372507   0.00432250
6252.687200  0.02307242   0.00431897
6252.687340  0.01450159   0.00432341
6252.687490  0.01308213   0.00432444
6252.687630  0.01745059   0.00432950
6252.687770  0.01519755   0.00433115
6252.687910  0.01744265   0.00433780
6252.688080  0.01633083   0.00434043
6252.688220  0.01228593   0.00434106
6252.688370  0.01379693   0.00434395
6252.688510  0.01546984   0.00434729
6252.688650  0.02580004   0.00435278
6252.688820  0.01983989   0.00435270
6252.688960  0.01788580   0.00436075
6252.689100  0.01637023   0.00435937
6252.689290  0.01425311   0.00436601
6252.689460  0.01567252   0.00436666
6252.689600  0.00991330   0.00436555
6252.689750  0.00966436   0.00437622
6252.689890  0.01293977   0.00437805
6252.690030  0.02047268   0.00437811
6252.690170  0.01535398   0.00438060
6252.690300  0.01929009   0.00438132
6252.690490  0.02459283   0.00438854
6252.690630  0.02099950   0.00439196
6252.690770  0.01024229   0.00439834
6252.690910  0.02339405   0.00440173
6252.691060  0.02328472   0.00440187
6252.691200  0.01803980   0.00440656
6252.691330  0.02024497   0.00440752
6252.691510  0.01627642   0.00441049
6252.691690  0.01904091   0.00441223
6252.691830  0.01607972   0.00441943
6252.691970  0.01423615   0.00441867
6252.692120  0.01794914   0.00442533
6252.692260  0.02382830   0.00442706
6252.692400  0.00957655   0.00442519
6252.692540  0.00544203   0.00443416
6252.692690  0.01962496   0.00443832
6252.692830  0.01042582   0.00443777
6252.692970  0.01780836   0.00444681
6252.693100  0.01800296   0.00444577
6252.693240  0.00766906   0.00444363
6252.693380  0.01567447   0.00445029
6252.693570  0.00896342   0.00445681
6252.693710  0.01574183   0.00445952
6252.693850  0.01839222   0.00446388
6252.694000  0.01406887   0.00446396
6252.694130  0.02493482   0.00446712
6252.694270  0.01729223   0.00447361
6252.694410  0.01784839   0.00447578
6252.694550  0.00889034   0.00448048
6252.694690  0.01194576   0.00448427
6252.694840  0.01943897   0.00448841
6252.695010  0.01742559   0.00448768
6252.695200  0.01504947   0.00449551
6252.695380  0.01722740   0.00449233
6252.695560  0.02330861   0.00450454
6252.695740  0.01651536   0.00450440
6252.695930  0.01611806   0.00451002
6252.696100  0.01136402   0.00451149
6252.696290  0.02341122   0.00451914
6252.696430  0.02232628   0.00451917
6252.696660  0.02485912   0.00452716
6252.696800  0.01771984   0.00453106
6252.696980  0.01124773   0.00453575
6252.697160  0.00717817   0.00454237
6252.697340  0.01661696   0.00454199
6252.697530  0.01775314   0.00454407
6252.697710  0.02088283   0.00455238
6252.697880  0.02031816   0.00455526
6252.698070  0.01474692   0.00456426
6252.698240  0.01152126   0.00456399
6252.698430  0.01384886   0.00456936
6252.698610  0.01194771   0.00457488
6252.698790  0.01940153   0.00457646
6252.698970  0.01516212   0.00458361
6252.699160  0.00484839   0.00458734
6252.699340  0.01374156   0.00458927
6252.699520  0.02087822   0.00459500
6252.699700  0.01209951   0.00460152
6252.699880  0.02357814   0.00460676
6252.700070  0.01645305   0.00461392
6252.700260  0.01092955   0.00461470
6252.700430  0.01244854   0.00461834
6252.700630  0.00880164   0.00462672
6252.700810  0.01698048   0.00463081
6252.700990  0.01812408   0.00463588
6252.701170  0.01862823   0.00463865
6252.701360  0.01464934   0.00464186
6252.701530  0.01082246   0.00465011
6252.701720  0.00967856   0.00465639
6252.701910  0.01861532   0.00465994
6252.702100  0.01640848   0.00466743
6252.702270  0.01259165   0.00467468
6252.702440  0.01086103   0.00467303
6252.702630  0.01726047   0.00467852
6252.702810  0.01385361   0.00468432
6252.703000  0.01075544   0.00469378
6252.703170  0.01843290   0.00469663
6252.703360  0.01808425   0.00470153
6252.703540  0.02278501   0.00470626
6252.703720  0.01958472   0.00471026
6252.703900  0.00578211   0.00471740
6252.704080  0.01114703   0.00472118
6252.704260  0.01938398   0.00472545
6252.704450  0.01684196   0.00473350
6252.704630  0.01376538   0.00473204
6252.704820  0.01357891   0.00473992
6252.704990  0.01131689   0.00474533
6252.705160  0.01605263   0.00475342
6252.705350  0.00891259   0.00475525
6252.705530  0.01193079   0.00476136
6252.705720  0.01518575   0.00476663
6252.705910  0.02104889   0.00477268
6252.706080  0.01379718   0.00477759
6252.706260  0.00855101   0.00478502
6252.706440  0.01988350   0.00478787
6252.706620  0.02414013   0.00479234
6252.706810  0.01014864   0.00479637
6252.706990  0.01554847   0.00480569
6252.707170  0.00657591   0.00480853
6252.707350  0.01349950   0.00481576
6252.707540  0.01745145   0.00482164
6252.707720  0.00751805   0.00482807
6252.707900  0.01699877   0.00483291
6252.708080  0.00945432   0.00483876
6252.708270  0.00562364   0.00484283
6252.708450  0.01526809   0.00485189
6252.708640  0.01261426   0.00485425
6252.708810  0.01053709   0.00486370
6252.709000  0.00342253   0.00486864
6252.709170  0.01753010   0.00487636
6252.709350  0.01023018   0.00487958
6252.709530  0.01413763   0.00488600
6252.709710  0.01838955   0.00489700
6252.709900  0.01674219   0.00489897
6252.710070  0.01317798   0.00490101
6252.710260  0.00922398   0.00490842
6252.710440  0.02316904   0.00491962
6252.710620  0.00911721   0.00491890
6252.710800  0.01326052   0.00492699
6252.710970  0.00856119   0.00493057
6252.711160  0.01966433   0.00493670
6252.711330  0.01693748   0.00494368
6252.711520  0.00487236   0.00495373
6252.711700  0.02042571   0.00495752
6252.711890  0.00742954   0.00496352
6252.712060  0.01216705   0.00497335
6252.712250  0.00943740   0.00497299
6252.712420  0.00297683   0.00497971
6252.712610  0.01290691   0.00498575
6252.712780  0.00528121   0.00499199
6252.712960  0.00160273   0.00499972
6252.713150  0.00742560   0.00500459
6252.713320  0.00394619   0.00500993
6252.713510  0.01849996   0.00502192
6252.713690  0.00392083   0.00502521
6252.713870  0.00940844   0.00503152
6252.714050  0.01329722   0.00504158
6252.714240  0.00252316   0.00504421
6252.714410  0.01661162   0.00505265
6252.714750  0.00542391   0.00506162
6252.715020  0.00682599   0.00507201
6252.715330  0.01082031   0.00508312
6252.722370  0.00132009   0.00537002
6252.722700 -0.00004599   0.00538317
6252.723110  0.00191961   0.00540080
6252.723370  0.00573243   0.00541225
6252.723570 -0.00206932   0.00542423
6252.723750 -0.00280805   0.00542947
6252.723950  0.00081044   0.00543948
6252.724130  0.01056004   0.00544480
6252.724320  0.01066234   0.00545260
6252.724490 -0.00412893   0.00546387
6252.724680 -0.00165635   0.00547420
6252.724870 -0.00604563   0.00548200
6252.725050 -0.00195494   0.00548873
6252.725230  0.00792358   0.00549992
6252.725410 -0.00225788   0.00550722
6252.725590  0.00635194   0.00551579
6252.725770  0.00647647   0.00552503
6252.725950  0.00236926   0.00553218
6252.726140 -0.00224993   0.00554006
6252.726310 -0.00340633   0.00554805
6252.726490  0.00243184   0.00555532
6252.726670  0.01398038   0.00556666
6252.726850 -0.00410745   0.00557107
6252.727060  0.00627576   0.00558408
6252.727200  0.00590880   0.00559021
6252.727370 -0.00763270   0.00559875
6252.727560 -0.00244778   0.00561134
6252.727730  0.00175741   0.00562035
6252.727920  0.00402235   0.00562796
6252.728100 -0.00055365   0.00563500
6252.728280  0.00503466   0.00564875
6252.728460  0.00619439   0.00565663
6252.728650  0.00380923   0.00566772
6252.728830  0.01360572   0.00567400
6252.729010  0.01052821   0.00568607
6252.729190  0.00265789   0.00569243
6252.729380 -0.00796917   0.00570500
6252.729550 -0.00224600   0.00571406
6252.729730  0.00214448   0.00572267
6252.729890  0.00552646   0.00573130
6252.730060  0.00489527   0.00574587
6252.730230 -0.00163209   0.00575142
6252.730420 -0.00324617   0.00576043
6252.730590  0.01032362   0.00577004
6252.730780 -0.00131383   0.00578042
6252.730960  0.00827841   0.00578994
6252.731140 -0.00046893   0.00579970
6252.731290  0.00716790   0.00580589
6252.731420  0.00302976   0.00581391
6252.731560 -0.00297495   0.00582578
6252.731700  0.00102048   0.00583164
6252.731880 -0.00106962   0.00583973
6252.732010  0.00421360   0.00584704
6252.732170  0.00054668   0.00585591
6252.732340  0.01106275   0.00586854
6252.732520  0.00372660   0.00587478
6252.732710  0.01106080   0.00588703
6252.732880 -0.00209713   0.00589789
6252.733070  0.01166389   0.00590402
6252.733250  0.00995716   0.00591925
6252.733430  0.00005394   0.00592924
6252.733610  0.00364575   0.00593908
6252.733750  0.00774973   0.00594733
6252.733920  0.00852011   0.00596299
6252.734070  0.00345037   0.00596507
6252.734250 -0.00129517   0.00597899
6252.734400  0.00594486   0.00598590
6252.734540  0.00672375   0.00599635
6252.734680  0.00538700   0.00600252
6252.734820  0.00063468   0.00600845
6252.734950  0.00726014   0.00602145
6252.735090  0.01034870   0.00602913
6252.735270  0.01401901   0.00603652
6252.735410 -0.00497657   0.00604219
6252.735540  0.00809492   0.00605728
6252.735720  0.00151849   0.00606653
6252.735860  0.00843048   0.00607691
6252.736000  0.01182658   0.00607929
6252.736180 -0.00101444   0.00609317
6252.736370  0.00663277   0.00611122
6252.736550  0.00489424   0.00611932
6252.736730  0.00441534   0.00613350
6252.736900 -0.00056520   0.00614207
6252.737070  0.00504013   0.00615065
6252.737260  0.00939674   0.00616565
6252.737430  0.00620390   0.00617424
6252.737620  0.00519201   0.00618480
6252.737790  0.00933057   0.00619723
6252.737980 -0.01069971   0.00620683
6252.738150  0.01095666   0.00621961
6252.738330 -0.00454297   0.00622904
6252.738510 -0.00446220   0.00624269
6252.738690 -0.00033366   0.00625899
6252.738880  0.00752460   0.00627089
6252.739060  0.00689689   0.00628274
6252.739240 -0.00541084   0.00629851
6252.739420  0.00362132   0.00630867
6252.739610  0.00495333   0.00631894
6252.739780 -0.00181615   0.00632971
6252.739970 -0.00646592   0.00634326
6252.740140 -0.00723379   0.00635642
6252.740320  0.00322089   0.00636558
6252.740510  0.00706320   0.00638263
6252.740680  0.01673590   0.00639769
6252.740860 -0.00009255   0.00640582
6252.741040 -0.00773960   0.00642098
6252.741220  0.01898613   0.00643489
6252.741400  0.00354030   0.00644557
6252.741590  0.00253809   0.00645938
6252.741760  0.00721341   0.00647213
6252.741940  0.00391416   0.00648405
6252.742130  0.00470970   0.00649728
6252.742300  0.00827480   0.00651276
6252.742490  0.00857198   0.00652375
6252.742670 -0.00559956   0.00653510
6252.742850  0.00231700   0.00654863
6252.743030 -0.00214381   0.00656441
6252.743210  0.00496926   0.00657863
6252.743390 -0.00684592   0.00659164
6252.743580  0.00202256   0.00660543
6252.743750  0.00717932   0.00662174
6252.743920  0.00586554   0.00663464
6252.744110 -0.00438072   0.00664543
6252.744280 -0.00285438   0.00665822
6252.744470  0.00804141   0.00667458
6252.744830  0.00681565   0.00670009
6252.745000  0.00338797   0.00671870
6252.745190  0.01517419   0.00673386
6252.745370  0.00860229   0.00674448
6252.745540 -0.00283963   0.00676163
6252.745730  0.00105061   0.00677564
6252.745910 -0.00347342   0.00679370
6252.746100 -0.00427659   0.00680663
6252.746280  0.00035115   0.00682111
6252.746470  0.00492142   0.00683678
6252.746660  0.00393906   0.00685458
6252.746840  0.00406859   0.00686862
6252.747030 -0.00786842   0.00687933
6252.747200  0.00594618   0.00689879
6252.747380  0.00368036   0.00691734
6252.747570 -0.01011313   0.00692921
6252.747740  0.00472412   0.00694414
6252.747940 -0.00136188   0.00695809
6252.748120  0.00313898   0.00697526
6252.748310 -0.00158273   0.00699300
6252.748500  0.00994974   0.00701137
6252.748670  0.00447024   0.00702448
6252.748850 -0.00279242   0.00704131
6252.749030  0.01027690   0.00705741
6252.749200 -0.00237756   0.00707105
6252.749390 -0.00501280   0.00708869
6252.749560  0.00190213   0.00710653
6252.749750  0.00055234   0.00711932
6252.749930 -0.00282026   0.00713555
6252.750120 -0.00510320   0.00715160
6252.750300  0.00616141   0.00717143
6252.750470  0.00522590   0.00719204
6252.750660  0.00356933   0.00720850
6252.750840 -0.01269131   0.00722384
6252.751030 -0.00021493   0.00723712
6252.751200  0.00924310   0.00725605
6252.751390  0.00441770   0.00727507
6252.751570  0.00334624   0.00729152
6252.751760  0.00044237   0.00730951
6252.751930 -0.00981970   0.00732472
6252.752120  0.00378809   0.00734683
6252.752290  0.00684731   0.00736130
6252.752480  0.01054958   0.00737801
6252.752660  0.01256264   0.00739766
6252.752850  0.00334871   0.00741554
6252.753020  0.00504066   0.00743582
6252.753210  0.00187952   0.00745121
6252.753390  0.00356545   0.00747176
6252.753580 -0.00306440   0.00748806
6252.753750 -0.00674607   0.00750726
6252.753930 -0.00172384   0.00752346
6252.754110 -0.00178356   0.00754369
6252.754290  0.00850222   0.00756256
6252.754470  0.01192955   0.00757903
6252.754660 -0.00194683   0.00759898
