5872.524736  0.0123792967 0.0049187766
5872.524956  0.0037882202 0.0049072478
5872.525136 -0.0001346229 0.0048928064
5872.525426  0.0034821052 0.0048797231
5872.525666 -0.0026611328 0.0048716863
5872.525856  0.0050713562 0.0048628730
5872.526026  0.0120487930 0.0048547020
5872.526216  0.0009743424 0.0048434709
5872.526386  0.0050419044 0.0048354713
5872.526566  0.0067765545 0.0048290001
5872.526736  0.0061812867 0.0048187097
5872.526916  0.0093306230 0.0048119003
5872.527096  0.0115076867 0.0048029044
5872.527266  0.0033209120 0.0047951409
5872.527446  0.0063450893 0.0047866737
5872.527626  0.0118215614 0.0047790477
5872.527796  0.0094587580 0.0047708493
5872.527976  0.0094434248 0.0047631153
5872.528146 -0.0029037152 0.0047525688
5872.528336  0.0107869965 0.0047470817
5872.528506  0.0133186523 0.0047383791
5872.528866  0.0075077058 0.0047218328
5872.529036  0.0140630231 0.0047163313
5872.529226  0.0018832131 0.0047061363
5872.529396  0.0040704454 0.0046981894
5872.529576 -0.0003777705 0.0046909194
5872.529806  0.0124715483 0.0046830645
5872.529976  0.0075776773 0.0046740302
5872.530146  0.0156634431 0.0046671113
5872.530326  0.0009232682 0.0046574242
5872.530496  0.0111587998 0.0046510788
5872.530686  0.0120465973 0.0046461007
5872.530856 -0.0006924788 0.0046353077
5872.531026  0.0034102188 0.0046288951
5872.531216  0.0006168734 0.0046202604
5872.531416  0.0050386321 0.0046118455
5872.531616  0.0137166128 0.0046037733
5872.531806  0.0090284155 0.0045959799
5872.531976  0.0085708845 0.0045896662
5872.532156  0.0074913069 0.0045807318
5872.532336  0.0051346255 0.0045740724
5872.532516  0.0057980851 0.0045659528
5872.532696  0.0081529267 0.0045594578
5872.532896  0.0187586969 0.0045522952
5872.533306  0.0104547845 0.0045351510
5872.533516  0.0087120637 0.0045267830
5872.533866  0.0154431628 0.0045130853
5872.534036  0.0182120289 0.0045080478
5872.534226  0.0150808990 0.0045016714
5872.534396  0.0093240523 0.0044942921
5872.534576  0.0055645185 0.0044853047
5872.534776  0.0039941611 0.0044766426
5872.534956  0.0111247948 0.0044699416
5872.535126  0.0096372962 0.0044638218
5872.535316  0.0139640374 0.0044574506
5872.535656  0.0161581352 0.0044466312
5872.535866  0.0106400652 0.0044372464
5872.536046  0.0104460146 0.0044298761
5872.536216  0.0154684928 0.0044261866
5872.536386  0.0181822186 0.0044195983
5872.536566  0.0215714823 0.0044134808
5872.537226  0.0075481575 0.0043863624
5872.537396  0.0057205878 0.0043789852
5872.537566  0.0094992825 0.0043756323
5872.537746  0.0127274776 0.0043699864
5872.537916  0.0079155721 0.0043615986
5872.538086  0.0177373689 0.0043570888
5872.538276  0.0044345044 0.0043465468
5872.538446  0.0149950304 0.0043427951
5872.538656  0.0173908878 0.0043369430
5872.538866  0.0126176293 0.0043300010
5872.539066  0.0116097409 0.0043215936
5872.539266  0.0083553208 0.0043130359
5872.539476  0.0002247707 0.0043036634
5872.539656  0.0072606549 0.0042999454
5872.539836  0.0118248542 0.0042950093
5872.540006  0.0113507834 0.0042876486
5872.540186  0.0154795060 0.0042819578
5872.540356  0.0089309824 0.0042748192
5872.540546  0.0146307151 0.0042720088
5872.540736  0.0065274853 0.0042609974
5872.541126  0.0166023382 0.0042500069
5872.541296  0.0135187136 0.0042445495
5872.541466  0.0135231110 0.0042379707
5872.541646  0.0047463406 0.0042311126
5872.541816  0.0097249331 0.0042264576
5872.542026  0.0059978571 0.0042185245
5872.542226  0.0185941154 0.0042125266
5872.542426  0.0139508400 0.0042055475
5872.542606  0.0137517986 0.0042003783
5872.542776  0.0091685592 0.0041947289
5872.542946  0.0128659023 0.0041903603
5872.543136  0.0180431145 0.0041861028
5872.543306  0.0046405680 0.0041772715
5872.543486  0.0043135012 0.0041727431
5872.543656  0.0105973053 0.0041684573
5872.543846  0.0096635865 0.0041648740
5872.544046  0.0124715483 0.0041547919
5872.544226  0.0103353008 0.0041499136
5872.544606  0.0145492836 0.0041396424
5872.544786  0.0101588397 0.0041328000
5872.544966  0.0083717327 0.0041270972
5872.545136  0.0165593429 0.0041230600
5872.545316  0.0103254358 0.0041169925
5872.545496  0.0075109856 0.0041118006
5872.545666  0.0154200360 0.0041066219
5872.545846  0.0096953549 0.0041003628
5872.546016  0.0069032958 0.0040952953
5872.546196  0.0155731228 0.0040928825
5872.546376  0.0138793569 0.0040876022
5872.546546  0.0136517419 0.0040823475
5872.546726  0.0063844056 0.0040747722
5872.546896  0.0100678802 0.0040721820
5872.547086  0.0168019029 0.0040666425
5872.547256  0.0086595298 0.0040614311
5872.547426  0.0123221926 0.0040542907
5872.547606  0.0163190414 0.0040505060
5872.547776  0.0087394261 0.0040453123
5872.547966  0.0053113630 0.0040423795
5872.548136  0.0080293208 0.0040361046
5872.548306  0.0148640389 0.0040307724
5872.548656  0.0121476041 0.0040217982
5872.548826  0.0035409248 0.0040150968
5872.549006  0.0164325717 0.0040123493
5872.549176  0.0061157725 0.0040060682
5872.549346  0.0033034871 0.0040011503
5872.549706  0.0109745274 0.0039922296
5872.549886  0.0120476951 0.0039862969
5872.550066  0.0110304639 0.0039825639
5872.550276  0.0028723110 0.0039767008
5872.550446  0.0123990643 0.0039711141
5872.550666  0.0119884128 0.0039663191
5872.550846  0.0160225958 0.0039634538
5872.551026  0.0130087399 0.0039579611
5872.551206  0.0147308621 0.0039532383
5872.551376  0.0082032482 0.0039481396
5872.552176  0.0122167773 0.0039287226
5872.552386  0.0045413473 0.0039217626
5872.552556  0.0178267657 0.0039192747
5872.552726  0.0073819870 0.0039145463
5872.552906  0.0116305919 0.0039112381
5872.553266  0.0110611754 0.0039004125
5872.553476  0.0098158638 0.0038937502
5872.553646  0.0142115185 0.0038930456
5872.553816  0.0160523469 0.0038897345
5872.553996  0.0139112488 0.0038842709
5872.554616  0.0075907975 0.0038671917
5872.555136  0.0114462394 0.0038557119
5872.557416  0.0148354210 0.0038006254
5872.557836  0.0112344921 0.0037924293
5872.558216  0.0110896940 0.0037831485
5872.558406  0.0079286963 0.0037776188
5872.558576  0.0117820477 0.0037767811
5872.558746  0.0154409603 0.0037741122
5872.558926  0.0132428145 0.0037686771
5872.559096  0.0126209246 0.0037643222
5872.559286  0.0106093656 0.0037595473
5872.559456  0.0057773458 0.0037570426
5872.559806  0.0100952769 0.0037490006
5872.559976  0.0071830532 0.0037444230
5872.560186  0.0140454250 0.0037406676
5872.560396  0.0116580279 0.0037346463
5872.560596  0.0101117152 0.0037315230
5872.560806  0.0070420727 0.0037253592
5872.561016  0.0075907975 0.0037206823
5872.561226  0.0116788798 0.0037182559
5872.561436  0.0122025031 0.0037134615
5872.561646  0.0108714362 0.0037100084
5872.561846  0.0121069807 0.0037054494
5872.562056  0.0103429737 0.0037005302
5872.562236  0.0028516276 0.0036946798
5872.562416  0.0147000466 0.0036933995
5872.562596  0.0080227581 0.0036882554
5872.562776  0.0136770301 0.0036866226
5872.562946  0.0118050971 0.0036813696
5872.563136  0.0106795373 0.0036797481
5872.563316  0.0035115146 0.0036740517
5872.563506  0.0093733330 0.0036709432
5872.563686  0.0187421272 0.0036685129
5872.563866  0.0163454940 0.0036659350
5872.564086  0.0091784137 0.0036593347
5872.564296  0.0164766643 0.0036564569
5872.564476  0.0104098396 0.0036525254
5872.564686  0.0159840308 0.0036481872
5872.564906  0.0095989573 0.0036443217
5872.565076  0.0090503117 0.0036424806
5872.565256  0.0152405444 0.0036379823
5872.565476  0.0108495032 0.0036353619
5872.565686  0.0160259015 0.0036306978
5872.565866  0.0102585750 0.0036279036
5872.566036  0.0133461311 0.0036250452
5872.566226  0.0155808328 0.0036203983
5872.566396  0.0074541369 0.0036174517
5872.566586  0.0135352039 0.0036146829
5872.566796  0.0155852385 0.0036105001
5872.566996  0.0112399773 0.0036070496
5872.567256  0.0131285183 0.0035880535
5872.568126  0.0114451421 0.0035857865
5872.568296  0.0112070668 0.0035828063
5872.568466  0.0111555089 0.0035804423
5872.568656  0.0162165436 0.0035773337
5872.568826  0.0109964629 0.0035711435
5872.569036  0.0092649185 0.0035698329
5872.569236  0.0043603747 0.0035646445
5872.569446  0.0108527931 0.0035618978
5872.569656  0.0125308570 0.0035575221
5872.569826  0.0113584635 0.0035558771
5872.569996  0.0107058529 0.0035526438
5872.570176  0.0052426283 0.0035489954
5872.570356  0.0137001198 0.0035481611
5872.570526  0.0179250004 0.0035432301
5872.570966  0.0080457279 0.0035494193
5872.571146  0.0087459932 0.0035320080
5872.571316  0.0045446182 0.0035270893
5872.571506  0.0059956736 0.0035252558
5872.571676  0.0192094909 0.0035231118
5872.571846  0.0114319753 0.0035188120
5872.572026  0.0093382887 0.0035153184
5872.572206  0.0102684395 0.0035128510
5872.572386  0.0067678142 0.0035113759
5872.572556  0.0085960547 0.0035074442
5872.572766  0.0141917179 0.0035068672
5872.572976  0.0153550632 0.0035018171
5872.573186  0.0076268788 0.0034944742
5872.573586  0.0059760223 0.0034880732
5872.573756  0.0050888094 0.0034874058
5872.573936  0.0127494486 0.0034835363
5872.574116  0.0087832075 0.0034806850
5872.574296  0.0065154702 0.0034777917
5872.574466  0.0156381086 0.0034762945
5872.574636  0.0093853797 0.0034749499
5872.574826  0.0165439091 0.0034736838
5872.574996  0.0104120320 0.0034694677
5872.575206  0.0056289080 0.0034651306
5872.575426  0.0162429937 0.0034639044
5872.575596  0.0098585929 0.0034611258
5872.575786  0.0087777347 0.0034554928
5872.575956  0.0150952110 0.0034558407
5872.576136  0.0052971793 0.0034520706
5872.576336  0.0073502863 0.0034487666
5872.576536  0.0158341911 0.0034460751
5872.576726  0.0106203296 0.0034449160
5872.576896  0.0079560390 0.0034397540
5872.577066  0.0148453271 0.0034374345
5872.577246  0.0082656063 0.0034341707
5872.577416  0.0066815082 0.0034324412
5872.577586  0.0103813388 0.0034288114
5872.577946  0.0144689586 0.0034252401
5872.578126  0.0120784354 0.0034231963
5872.578296  0.0153187242 0.0034191127
5872.578466  0.0056420047 0.0034160598
5872.578646  0.0153319383 0.0034158508
5872.578816  0.0147682820 0.0034118767
5872.579006  0.0145393802 0.0034089567
5872.579176  0.0143501325 0.0034061622
5872.579386  0.0158286827 0.0034030921
5872.579566  0.0078893241 0.0033990774
5872.579746  0.0168801952 0.0033997730
5872.579916  0.0092025030 0.0033955262
5872.580086  0.0151447543 0.0033943432
5872.580276  0.0059017873 0.0033906775
5872.580446  0.0147847912 0.0033910167
5872.580626  0.0151469563 0.0033877441
5872.580796  0.0030475918 0.0033839533
5872.580966  0.0173235905 0.0033857169
5872.581146  0.0067372239 0.0033779926
5872.581316  0.0098936539 0.0033779663
5872.581526  0.0132461117 0.0033752238
5872.581706  0.0119346223 0.0033722470
5872.581886  0.0150643852 0.0033709729
5872.582056  0.0158716491 0.0033701750
5872.582246  0.0115000056 0.0033654109
5872.582416  0.0173875780 0.0033638512
5872.582626  0.0118972999 0.0033622518
5872.582796  0.0056387305 0.0033571144
5872.583026  0.0084428542 0.0033537597
5872.583216  0.0071841461 0.0033531527
5872.583386  0.0177936550 0.0033507617
5872.583566  0.0114912273 0.0033500217
5872.583736  0.0081430815 0.0033451765
5872.583926  0.0101961024 0.0033427400
5872.584096  0.0083531325 0.0033392590
5872.584266  0.0082360678 0.0033399930
5872.584446  0.0124133411 0.0033396894
5872.584616  0.0138452666 0.0033352995
5872.585006  0.0172066578 0.0033313014
5872.585206  0.0199789247 0.0033309710
5872.585416  0.0143501325 0.0033269491
5872.585626  0.0100032270 0.0033246137
5872.585796  0.0115954747 0.0033229085
5872.585966  0.0146472222 0.0033201562
5872.586156  0.0122738760 0.0033172988
5872.586506  0.0141389182 0.0033142023
5872.586676  0.0104898648 0.0033129488
5872.586886  0.0119445020 0.0033086084
5872.587066  0.0071262216 0.0033070726
5872.587246  0.0111741572 0.0033062617
5872.587416  0.0088379366 0.0033024390
5872.587586  0.0167147956 0.0033022281
5872.587946  0.0165152469 0.0032983141
5872.589696  0.0109591728 0.0032803819
5872.589906  0.0080577599 0.0032760027
5872.590086  0.0133670154 0.0032755738
5872.590266  0.0097008322 0.0032743912
5872.590446  0.0118435140 0.0032720784
5872.590626  0.0095036637 0.0032683202
5872.590796  0.0112213279 0.0032680098
5872.590986  0.0142962250 0.0032673771
5872.591156  0.0109372380 0.0032638647
5872.591336  0.0146560261 0.0032618571
5872.591536  0.0110030437 0.0032596753
5872.591706  0.0077679352 0.0032576318
5872.591896  0.0135022237 0.0032561939
5872.592066  0.0121838372 0.0032544384
5872.592256  0.0124935141 0.0032520719
5872.592426  0.0167203085 0.0032515259
5872.592606  0.0128252520 0.0032475725
5872.592786  0.0060633641 0.0032426951
5872.592956  0.0071896109 0.0032427817
5872.593136  0.0115526772 0.0032415736
5872.593316  0.0167566944 0.0032406086
5872.593496  0.0042154004 0.0032360906
5872.593676  0.0113047043 0.0032364449
5872.593856  0.0069808775 0.0032345091
5872.594026  0.0153726826 0.0032342779
5872.594206  0.0113815040 0.0032300908
5872.594416  0.0096624911 0.0032293625
5872.594626  0.0173864747 0.0032281465
5872.594836  0.0107157214 0.0032248211
5872.595016  0.0113606578 0.0032256401
5872.595226  0.0115131733 0.0032206067
5872.595436  0.0155632100 0.0032194258
5872.595606  0.0146703326 0.0032189803
5872.595796  0.0124210286 0.0032156132
5872.595966  0.0083378149 0.0032144838
5872.596146  0.0139299445 0.0032123870
5872.596316  0.0125429388 0.0032104825
5872.596506  0.0088653022 0.0032094780
5872.596676  0.0127604343 0.0032078300
5872.596846  0.0116744899 0.0032057206
5872.597036  0.0179857116 0.0032056435
5872.597206  0.0123386646 0.0032032897
5872.597386  0.0116042539 0.0032011237
5872.597566  0.0179062358 0.0032020974
5872.597736  0.0115812087 0.0031988610
5872.597926  0.0124682535 0.0031970824
5872.598096  0.0155621086 0.0031951915
5872.598306  0.0124166357 0.0031925375
5872.598516  0.0113540749 0.0031905118
5872.598726  0.0080785427 0.0031874640
5872.598936  0.0063188792 0.0031855784
5872.599106  0.0116426637 0.0031869702
5872.599276  0.0158705474 0.0031850821
5872.599456  0.0154673915 0.0031838996
5872.599626  0.0096986413 0.0031812690
5872.599816  0.0094543771 0.0031783629
5872.600006  0.0070606504 0.0031779202
5872.600196  0.0127241820 0.0031780624
5872.600366  0.0100196639 0.0031756349
5872.600546  0.0085063203 0.0031744945
5872.600716  0.0126725521 0.0031735174
5872.600896  0.0070497223 0.0031680529
5872.601076  0.0114067394 0.0031709169
5872.601246  0.0076607744 0.0031687430
5872.601416  0.0054477541 0.0031666556
5872.601606  0.0109536890 0.0031652070
5872.601776  0.0125671029 0.0031633238
5872.601956  0.0109953662 0.0031620382
5872.602126  0.0067055421 0.0031604940
5872.602316  0.0098443497 0.0031586878
5872.602486  0.0075415977 0.0031574621
5872.602656  0.0048095911 0.0031549799
5872.603076  0.0143435314 0.0031531013
5872.603246  0.0148486292 0.0031523671
5872.603436  0.0088598290 0.0031481624
5872.603606  0.0114846436 0.0031481015
5872.603786  0.0101073316 0.0031473982
5872.603956  0.0157713968 0.0031462344
5872.604136  0.0121146661 0.0031455371
5872.604316  0.0095540478 0.0031436040
5872.604486  0.0103473582 0.0031404211
5872.604676  0.0104778059 0.0031397022
5872.604846  0.0102618632 0.0031379817
5872.605056  0.0113847955 0.0031368402
5872.605266  0.0108429234 0.0031352750
5872.605476  0.0136088632 0.0031344770
5872.605646  0.0123178001 0.0031329482
5872.605816  0.0126538780 0.0031328196
5872.605996  0.0156997937 0.0031295037
5872.606176  0.0118029019 0.0031281700
5872.606356  0.0132043481 0.0031267152
5872.606526  0.0140388258 0.0031280194
5872.606736  0.0148211124 0.0031258714
5872.606916  0.0099714496 0.0031250892
5872.607096  0.0074967732 0.0031212542
5872.607266  0.0141103194 0.0031205258
5872.607436  0.0181656576 0.0031200585
5872.607696  0.0046449295 0.0031174281
5872.607866  0.0072169349 0.0031149850
5872.608036  0.0113782125 0.0031170720
5872.608226  0.0137045179 0.0031149616
5872.608396  0.0085139803 0.0031132370
5872.608576  0.0053735552 0.0031118830
5872.608756  0.0124726466 0.0031103311
5872.608936  0.0110227862 0.0031105677
5872.609116  0.0071021784 0.0031070057
5872.609286  0.0104953462 0.0031057682
5872.609466  0.0164435947 0.0031073977
5872.609676  0.0119499908 0.0031044432
5872.609886  0.0118171709 0.0031040635
5872.610056  0.0132439136 0.0031004517
5872.610266  0.0067776470 0.0031006145
5872.610446  0.0167985949 0.0030995925
5872.610626  0.0096723501 0.0030979376
5872.610796  0.0099714496 0.0030965996
5872.610966  0.0137155132 0.0030963010
5872.611156  0.0099144720 0.0030931500
5872.611326  0.0135659863 0.0030936759
5872.611506  0.0097304106 0.0030926257
5872.611676  0.0138254727 0.0030922160
5872.611846  0.0072901669 0.0030878688
5872.612056  0.0092824393 0.0030869697
5872.612266  0.0137155132 0.0030875047
5872.612436  0.0163047131 0.0030871612
5872.612616  0.0106663798 0.0030843283
5872.612796  0.0139541394 0.0030848840
5872.612976  0.0113420063 0.0030818597
5872.613156  0.0031630095 0.0030794200
5872.613376  0.0097446523 0.0030795200
5872.613546  0.0058963290 0.0030773573
5872.613726  0.0107343621 0.0030779423
5872.613896  0.0091795087 0.0030757275
5872.614106  0.0114210031 0.0030744034
5872.614276  0.0115274384 0.0030747048
5872.614466  0.0045413473 0.0030724289
5872.614636  0.0136066644 0.0030729026
5872.614816  0.0088543559 0.0030715227
5872.614986  0.0099035151 0.0030723008
5872.615166  0.0152108156 0.0030708398
5872.615346  0.0113244522 0.0030697415
5872.615516  0.0080435403 0.0030681360
5872.615706  0.0156491235 0.0030676737
5872.615876  0.0112202309 0.0030661558
5872.616046  0.0089101833 0.0030651125
5872.616256  0.0129010606 0.0030643140
5872.616466  0.0052535383 0.0030624439
5872.616676  0.0043200416 0.0030619922
5872.616886  0.0121596817 0.0030600263
5872.617096  0.0142346196 0.0030603796
5872.617296  0.0089517820 0.0030586616
5872.617506  0.0038960892 0.0030564382
5872.617706  0.0138320706 0.0030570458
5872.617886  0.0069404469 0.0030551861
5872.618066  0.0093799039 0.0030554873
5872.618236  0.0052480833 0.0030547916
5872.618426  0.0074989597 0.0030556648
5872.618596  0.0096285329 0.0030539963
5872.618786  0.0138705593 0.0030549548
5872.618956  0.0152273315 0.0030532694
5872.619136  0.0089145620 0.0030508940
5872.619316  0.0122727779 0.0030504624
5872.619496  0.0105819560 0.0030490047
5872.619676  0.0100591135 0.0030486326
5872.619876  0.0166717958 0.0030485139
5872.620086  0.0133032645 0.0030478634
5872.620296  0.0145536852 0.0030469740
5872.620506  0.0112575300 0.0030465142
5872.622146  0.0048401271 0.0030383758
5872.622376  0.0138254727 0.0030383332
5872.622556  0.0053724641 0.0030376836
5872.623086  0.0069011105 0.0030354075
5872.623276  0.0123046226 0.0030351783
5872.623446  0.0108451167 0.0030343909
5872.623616  0.0150985139 0.0030352921
5872.623806  0.0072016334 0.0030351548
5872.623976  0.0084614560 0.0030321133
5872.624156  0.0096603002 0.0030310814
5872.624336  0.0045664242 0.0030321584
5872.624506  0.0049840941 0.0030311436
5872.624686  0.0138144762 0.0030306049
5872.624856  0.0127922933 0.0030310489
5872.625046  0.0128131670 0.0030300085
5872.625216  0.0153903022 0.0030283993
5872.625386  0.0104723246 0.0030278679
5872.625576  0.0098235330 0.0030282503
5872.625746  0.0116536381 0.0030278717
5872.625926  0.0097424613 0.0030269287
5872.626096  0.0104887686 0.0030268175
5872.626286  0.0057555155 0.0030245659
5872.626466  0.0129889613 0.0030250051
5872.626636  0.0101566478 0.0030236999
5872.626826  0.0070431655 0.0030226911
5872.626996  0.0114978110 0.0030219507
5872.627186  0.0067798321 0.0030197730
5872.627356  0.0127142953 0.0030220429
5872.627536  0.0116316893 0.0030201285
5872.627716  0.0125846770 0.0030205838
5872.627926  0.0095595245 0.0030198467
5872.628126  0.0121300371 0.0030204171
5872.628306  0.0111379579 0.0030187555
5872.628476  0.0048673921 0.0030166398
5872.628656  0.0093218621 0.0030169955
5872.628826  0.0125791851 0.0030172733
5872.628996  0.0108648563 0.0030168996
5872.629186  0.0121816412 0.0030150708
5872.629356  0.0142324195 0.0030141707
5872.629546  0.0102059662 0.0030139733
5872.629926  0.0132472108 0.0030125360
5872.630136  0.0101500722 0.0030116263
5872.630346  0.0074377388 0.0030106714
5872.630556  0.0111061473 0.0030109887
5872.630756  0.0050244520 0.0030072592
5872.630966  0.0083017100 0.0030097858
5872.631176  0.0101950064 0.0030073670
5872.631386  0.0128362384 0.0030080999
5872.631586  0.0096646820 0.0030058984
5872.631786  0.0072442597 0.0030068559
5872.631996  0.0109460118 0.0030061577
5872.632206  0.0061190481 0.0030048332
5872.632416  0.0117842428 0.0030040891
5872.632586  0.0139310442 0.0030056359
5872.632776  0.0041554543 0.0030015836
5872.632946  0.0085862054 0.0030029141
5872.633126  0.0124605656 0.0030015679
5872.633296  0.0119016907 0.0030044141
5872.633476  0.0127560400 0.0030023849
5872.633656  0.0118863230 0.0030032739
5872.633836  0.0084811523 0.0030004351
5872.634016  0.0127988850 0.0030036020
5872.634186  0.0076476534 0.0030003194
5872.634396  0.0081069831 0.0029994012
5872.634606  0.0111796421 0.0030013198
5872.634826  0.0056027152 0.0029990391
5872.635026  0.0014275955 0.0029973132
5872.635206  0.0084045575 0.0029980350
5872.635426  0.0046034955 0.0029984611
5872.635596  0.0087481823 0.0030000786
5872.635776  0.0027079430 0.0029964960
5872.635956  0.0053779197 0.0029973271
5872.636166  0.0065220239 0.0029983027
5872.636336  0.0027166506 0.0029976085
5872.636526  0.0000716610 0.0029957439
5872.636696  0.0027591013 0.0029955487
5872.636876  0.0065602543 0.0029940390
5872.637046  0.0058603052 0.0029942927
5872.637226  0.0030083961 0.0029940591
5872.637406  0.0050549940 0.0029931634
5872.637586  0.0054815818 0.0029943396
5872.637766  0.0033187339 0.0029927369
5872.637946  0.0049022923 0.0029927425
5872.638146  0.0036945246 0.0029926835
5872.638326  0.0032991310 0.0029926829
5872.638506  0.0024957165 0.0029904692
5872.638676  0.0084428542 0.0029915755
5872.638846  0.0063450893 0.0029923536
5872.639036  0.0067459639 0.0029912737
5872.639206  0.0015482775 0.0029911226
5872.639386  0.0024108375 0.0029891473
5872.639566  0.0033198229 0.0029883837
5872.639746  0.0004148305 0.0029890879
5872.639916  0.0008635036 0.0029881501
5872.640336  0.0038034738 0.0029886256
5872.640686  0.0064390139 0.0029871515
5872.640866  0.0024891871 0.0029860983
5872.641046  0.0041500048 0.0029863100
5872.641226  0.0010362867 0.0029875389
5872.641406  0.0039091649 0.0029856476
5872.641586  0.0025512179 0.0029851806
5872.641766  0.0049830034 0.0029853298
5872.641936  0.0012330105 0.0029848194
5872.642296  0.0006375143 0.0029842691
5872.642476  0.0014373800 0.0029832069
5872.642646 -0.0018138350 0.0029840425
5872.642816 -0.0010049265 0.0029830123
5872.643006  0.0031455871 0.0029824597
5872.643216 -0.0012218512 0.0029835009
5872.643396  0.0016711477 0.0029827619
5872.643576 -0.0024726608 0.0029811490
5872.643746 -0.0027564395 0.0029803699
5872.643916 -0.0033811411 0.0029808203
5872.644136 -0.0028950525 0.0029799895
5872.644326 -0.0005893948 0.0029787284
5872.644496  0.0022019329 0.0029798687
5872.644676  0.0026872627 0.0029790241
5872.644856 -0.0007933832 0.0029792538
5872.645026 -0.0043569914 0.0029781424
5872.645236 -0.0005275396 0.0029788981
5872.645446 -0.0051374729 0.0029770829
5872.645656 -0.0013856006 0.0029787135
5872.645866  0.0015645869 0.0029792073
5872.646056 -0.0006555867 0.0029785468
5872.646266 -0.0019146352 0.0029794301
5872.646476  0.0008863224 0.0029795200
5872.646686 -0.0000673136 0.0029790754
5872.646896 -0.0007488996 0.0029782909
5872.647106  0.0010123780 0.0029776924
5872.647296 -0.0006566718 0.0029774588
5872.647716 -0.0013584915 0.0029787879
5872.647926  0.0031706318 0.0029770840
5872.648096  0.0000955490 0.0029773507
5872.648276 -0.0017282016 0.0029766898
5872.648456  0.0052240816 0.0029772650
5872.648626  0.0040584575 0.0029784296
5872.648806 -0.0030130762 0.0029764174
5872.648976  0.0040551881 0.0029773308
5872.649166  0.0005864559 0.0029776108
5872.649336  0.0006364279 0.0029766615
5872.649506 -0.0010277056 0.0029764415
5872.651376  0.0026567872 0.0029234323
5872.651616 -0.0018398489 0.0029243566
5872.651786  0.0008548108 0.0029229307
5872.651966 -0.0014658397 0.0029221113
5872.652136  0.0022595952 0.0029245390
5872.652306 -0.0016566547 0.0029237660
5872.652486  0.0025468647 0.0029231364
5872.652656 -0.0037739668 0.0029234797
5872.652846 -0.0022787388 0.0029242582
5872.653016 -0.0026004787 0.0029244749
5872.654716 -0.0000195431 0.0029270921
5872.654936  0.0020779147 0.0029273131
5872.655116  0.0025163932 0.0029263191
5872.655296 -0.0026503019 0.0029254238
5872.655466 -0.0025582355 0.0029256718
5872.655646 -0.0026741296 0.0029264426
5872.655816 -0.0037912782 0.0029255970
5872.655986  0.0022541553 0.0029299643
5872.656176  0.0020072090 0.0029271225
5872.656346  0.0005712475 0.0029275990
5872.656526  0.0002540920 0.0029289159
5872.656706 -0.0019124676 0.0029295801
5872.656886  0.0009308749 0.0029296555
5872.657056  0.0008732830 0.0029295001
5872.657226 -0.0059098349 0.0029296125
5872.657406 -0.0014484912 0.0029297480
5872.657636 -0.0046164935 0.0029287798
5872.657806 -0.0011817234 0.0029293834
5872.657986 -0.0058212842 0.0029287715
5872.658166 -0.0015384834 0.0029295052
5872.658336 -0.0028051726 0.0029304212
5872.658526 -0.0052498506 0.0029292329
5872.658696  0.0010884531 0.0029300807
5872.658876 -0.0013302973 0.0029311514
5872.659056 -0.0018842878 0.0029307400
5872.659236 -0.0006469060 0.0029308267
5872.659436 -0.0018615266 0.0029318853
5872.659636 -0.0062553295 0.0029308394
5872.659806  0.0046482007 0.0029331609
5872.660016  0.0050222704 0.0029352624
5872.660196  0.0048215873 0.0029358104
5872.660366 -0.0056171582 0.0029336427
5872.660536 -0.0012229357 0.0029357793
5872.660716  0.0019887175 0.0029357745
5872.660886  0.0017189948 0.0029372202
5872.661056  0.0033579407 0.0029362118
5872.661236 -0.0030303997 0.0029363096
5872.661406 -0.0043537472 0.0029359770
5872.661576  0.0061015783 0.0029392736
5872.661766 -0.0045959518 0.0029364033
5872.661936 -0.0042704769 0.0029362022
5872.662116 -0.0031884638 0.0029369647
5872.662286  0.0048902952 0.0029381775
5872.662456  0.0015439284 0.0029389212
5872.662666  0.0007048716 0.0029388237
5872.662876 -0.0043375262 0.0029392651
5872.663086  0.0022867955 0.0029409327
5872.663296 -0.0024596615 0.0029389368
5872.663506  0.0071611945 0.0029421435
5872.663676  0.0032544812 0.0029435550
5872.663846 -0.0002095269 0.0029428629
5872.664026 -0.0003549777 0.0029424687
5872.664196 -0.0018496039 0.0029438403
5872.664386  0.0041151287 0.0029447994
5872.664556 -0.0030812859 0.0029426679
5872.664726  0.0003583521 0.0029444025
5872.664906  0.0013656289 0.0029449612
5872.665076 -0.0031007736 0.0029447804
5872.665266 -0.0033735645 0.0029429583
5872.665466 -0.0009940791 0.0029450761
5872.665716 -0.0052919893 0.0029453260
5872.665886  0.0008102615 0.0029467148
5872.666056  0.0032980419 0.0029491183
5872.666416  0.0008754562 0.0029490650
5872.666626 -0.0011893153 0.0029488848
5872.666826 -0.0022863230 0.0029491571
5872.667016 -0.0041039171 0.0029485507
5872.667196 -0.0009647907 0.0029505794
5872.667426  0.0057697051 0.0029525650
5872.667666  0.0028538048 0.0029522663
5872.667846  0.0041216679 0.0029513563
5872.668016  0.0041358363 0.0029513948
5872.668186  0.0012090974 0.0029521453
5872.668366  0.0010178117 0.0029527120
5872.668536 -0.0000152002 0.0029531611
5872.668706 -0.0006317147 0.0029525698
5872.668896  0.0011091030 0.0029540471
5872.669066 -0.0065888434 0.0029536809
5872.669246 -0.0007185196 0.0029555888
5872.669436  0.0081496450 0.0029579502
5872.669626  0.0043767265 0.0029575003
5872.669976 -0.0020847822 0.0029572902
5872.670146  0.0033622971 0.0029601839
5872.670326  0.0022356595 0.0029614657
5872.670536  0.0079658826 0.0029618246
5872.670746  0.0026317544 0.0029614579
5872.670916  0.0048346742 0.0029620198
5872.671106 -0.0004504871 0.0029628303
5872.671276  0.0007124767 0.0029627462
5872.671456 -0.0002214676 0.0029623698
5872.671636 -0.0058040052 0.0029622965
5872.671816  0.0020518075 0.0029642276
5872.671986 -0.0069815893 0.0029623217
5872.672156  0.0024674228 0.0029653625
5872.672336 -0.0000456000 0.0029650210
5872.672506 -0.0007803638 0.0029641001
5872.672676 -0.0068100502 0.0029638687
5872.672866 -0.0053784224 0.0029666990
5872.673036 -0.0017390417 0.0029669040
5872.673216  0.0035398356 0.0029682930
5872.673416  0.0013960682 0.0029700478
5872.673606  0.0023118204 0.0029714659
5872.673816  0.0011264926 0.0029693105
5872.673996  0.0014797807 0.0029724513
5872.674176 -0.0008042326 0.0029727144
5872.674346  0.0010395471 0.0029712463
5872.674516 -0.0007076693 0.0029708088
5872.674726  0.0020800904 0.0029730074
5872.674936 -0.0034287639 0.0029731134
5872.675136  0.0046776418 0.0029746765
5872.675316  0.0004419846 0.0029750423
5872.675496 -0.0009637059 0.0029755321
5872.675666 -0.0019937514 0.0029770455
5872.675836  0.0002790701 0.0029767680
5872.676026  0.0014156368 0.0029777114
5872.676196 -0.0019081323 0.0029772803
5872.676406 -0.0000238859 0.0029781089
5872.676576  0.0033383371 0.0029808111
5872.676756  0.0017962069 0.0029809304
5872.676936 -0.0003495508 0.0029815573
5872.677116  0.0005180197 0.0029828544
5872.677306 -0.0011350865 0.0029837393
5872.677496  0.0017059454 0.0029839449
5872.677666 -0.0008313556 0.0029845741
5872.677846 -0.0045527050 0.0029851740
5872.678016 -0.0042153203 0.0029850202
5872.678186  0.0024891871 0.0029871865
5872.678366  0.0032871516 0.0029882938
5872.678536  0.0026110755 0.0029886103
5872.678726 -0.0008281008 0.0029889227
5872.678896  0.0053146362 0.0029906061
5872.679066  0.0017614064 0.0029906224
5872.679266 -0.0007369647 0.0029913436
5872.679476 -0.0020956186 0.0029908536
5872.679686  0.0026371962 0.0029930357
5872.679886 -0.0049526727 0.0029927208
5872.680086 -0.0034763846 0.0029935460
5872.680296  0.0050768103 0.0029954052
5872.680506 -0.0020327655 0.0029964453
5872.680716  0.0021540645 0.0029971436
5872.680916  0.0002236847 0.0029994213
5872.681126  0.0009069684 0.0029980496
5872.681306 -0.0027997579 0.0029997439
5872.681476  0.0019093163 0.0030008186
5872.681666  0.0002877582 0.0030028564
5872.681836 -0.0002627164 0.0030045907
5872.682006  0.0016352638 0.0030044108
5872.682186 -0.0037469172 0.0030057842
5872.682356  0.0021149011 0.0030079140
5872.682526 -0.0013856006 0.0030079910
5872.682716  0.0016080799 0.0030086849
5872.682886 -0.0000683992 0.0030094712
5872.683096  0.0031194542 0.0030106983
5872.683266  0.0015787219 0.0030096909
5872.683446  0.0066880628 0.0030129631
5872.683616  0.0017777190 0.0030124176
5872.683786  0.0006635876 0.0030136736
5872.683976 -0.0025116577 0.0030146220
5872.684186 -0.0021985598 0.0030154915
5872.684386  0.0002562640 0.0030168872
5872.684586 -0.0015243887 0.0030184487
5872.684796 -0.0009875707 0.0030199414
5872.685006  0.0074727217 0.0030217007
5872.685216 -0.0008584779 0.0030213854
5872.685426 -0.0031397479 0.0030226220
5872.687166  0.0021584161 0.0030330562
5872.687376 -0.0060901536 0.0030338533
5872.687556  0.0027318891 0.0030346586
5872.687736 -0.0001465645 0.0030342231
5872.687916  0.0037609823 0.0030375363
5872.688086  0.0008830625 0.0030371019
5872.688256  0.0010797585 0.0030387389
5872.688436  0.0003833325 0.0030400488
5872.688616  0.0001759035 0.0030394680
5872.688786  0.0028646908 0.0030426501
5872.688966  0.0042001411 0.0030442149
5872.689136  0.0024608936 0.0030458715
5872.689316  0.0007103038 0.0030463967
5872.689486  0.0009493484 0.0030470675
5872.689666  0.0020104722 0.0030478714
5872.689846 -0.0001248525 0.0030494823
5872.690016  0.0055470576 0.0030523590
5872.690196 -0.0060923129 0.0030511219
5872.690406 -0.0042866989 0.0030529558
5872.690586  0.0065788238 0.0030552610
5872.690756  0.0081573024 0.0030575182
5872.690936  0.0022334836 0.0030550253
5872.691106  0.0030029524 0.0030561025
5872.691316 -0.0039156955 0.0030583265
5872.691526 -0.0044878315 0.0030599591
5872.691726 -0.0017011011 0.0030602349
5872.691936  0.0024445707 0.0030632366
5872.692136 -0.0018821200 0.0030629763
5872.692346  0.0008265598 0.0030641079
5872.692556 -0.0002323227 0.0030654630
5872.692756 -0.0034298462 0.0030683539
5872.692956 -0.0030011661 0.0030706483
5872.693166 -0.0016826723 0.0030711273
5872.693376 -0.0000238859 0.0030725659
5872.693566 -0.0064107662 0.0030728933
5872.693776 -0.0032231050 0.0030765158
5872.693986 -0.0040076469 0.0030775388
5872.694186 -0.0012673999 0.0030788090
5872.694366  0.0015830712 0.0030814661
5872.694546  0.0017831566 0.0030809465
5872.694716 -0.0007185196 0.0030814509
5872.694906 -0.0045094564 0.0030826041
5872.695096  0.0083148389 0.0030842199
5872.695276 -0.0070980909 0.0030860499
5872.695456 -0.0024206628 0.0030874570
5872.695626 -0.0035910987 0.0030884591
5872.695806 -0.0028214165 0.0030884834
5872.695986  0.0053768286 0.0030933433
5872.696196 -0.0000998831 0.0030940635
5872.696436 -0.0053265633 0.0030932501
5872.696626 -0.0013942754 0.0030947144
5872.696796  0.0010884531 0.0030996255
5872.696976  0.0002508340 0.0031015791
5872.697146  0.0007276871 0.0031018551
5872.697356  0.0019778403 0.0031032533
5872.697566 -0.0064809213 0.0031018352
5872.697776 -0.0011502708 0.0031051713
5872.697966 -0.0029481106 0.0031065305
5872.698176  0.0005842833 0.0031079634
5872.698386 -0.0043829444 0.0031078347
5872.698596 -0.0055091394 0.0031110941
5872.698786 -0.0016902606 0.0031122997
5872.698996  0.0011275795 0.0031138664
5872.699176  0.0010754113 0.0031169772
5872.699346  0.0006277370 0.0031178650
5872.699536  0.0035431034 0.0031186232
5872.699706  0.0012058366 0.0031206125
5872.699876 -0.0013021023 0.0031220880
5872.700056  0.0038318023 0.0031238109
5872.700226 -0.0052995524 0.0031235797
5872.700396 -0.0010851937 0.0031281351
5872.700576 -0.0005568399 0.0031296577
5872.700746  0.0022846195 0.0031313309
5872.700936  0.0020126477 0.0031327221
5872.701106 -0.0014116247 0.0031347850
5872.701276  0.0021801743 0.0031353813
5872.701466  0.0007896173 0.0031368009
5872.701926 -0.0018300937 0.0031411644
5872.702096  0.0009765159 0.0031438612
5872.702286  0.0042415598 0.0031446098
5872.702496  0.0013264939 0.0031459618
5872.702676 -0.0055210220 0.0031477879
5872.702856  0.0010612828 0.0031495406
5872.703026 -0.0016566547 0.0031503388
5872.703216  0.0008341658 0.0031521416
5872.703406 -0.0012066679 0.0031538138
5872.703616  0.0046558335 0.0031556235
5872.703786 -0.0001215956 0.0031569673
5872.703976 -0.0000564568 0.0031582424
5872.704156 -0.0002865965 0.0031608294
5872.704346  0.0018864760 0.0031617239
5872.704516  0.0010786717 0.0031648065
5872.704696 -0.0020891168 0.0031653390
5872.704866  0.0025577477 0.0031669442
5872.705056  0.0045751467 0.0031684728
5872.705226 -0.0003452092 0.0031715126
5872.705396 -0.0028311628 0.0031729226
5872.705576  0.0004093997 0.0031748038
5872.705746 -0.0028950525 0.0031759844
5872.705916  0.0003051347 0.0031777571
5872.706096 -0.0027640203 0.0031796167
5872.706276 -0.0023177426 0.0031809239
5872.706456 -0.0007966380 0.0031821286
5872.706656 -0.0015395676 0.0031842887
5872.706856  0.0018473222 0.0031866243
5872.707046  0.0027090315 0.0031891545
5872.707216 -0.0006534165 0.0031912291
5872.707386 -0.0006338849 0.0031912865
5872.707566 -0.0061819211 0.0031933735
5872.707736  0.0008048288 0.0031966046
5872.707906  0.0017211697 0.0031971287
5872.708126  0.0042557297 0.0032013308
5872.708306  0.0037075979 0.0032029834
5872.708476  0.0042557297 0.0032056908
5872.708666  0.0030094849 0.0032074571
5872.708836  0.0031630095 0.0032079107
5872.709006  0.0041249375 0.0032107540
5872.709196 -0.0002127834 0.0032120639
5872.709366 -0.0020067563 0.0032154308
5872.709546  0.0001639585 0.0032164363
5872.709716 -0.0026318893 0.0032179124
5872.709906  0.0039429447 0.0032211128
5872.710106  0.0042404698 0.0032219956
5872.710316  0.0003931077 0.0032236320
5872.710526 -0.0000032572 0.0032257126
5872.710736 -0.0011350865 0.0032299439
5872.710946  0.0016407007 0.0032327752
5872.711136  0.0027101199 0.0032337841
5872.711346  0.0024837460 0.0032352864
5872.711556 -0.0027466926 0.0032381490
5872.711766 -0.0002605454 0.0032412304
5872.711966  0.0012395323 0.0032424507
5872.712166  0.0029757341 0.0032454625
5872.712346 -0.0015092096 0.0032461788
5872.712516  0.0028788427 0.0032495273
5872.712706 -0.0012131750 0.0032514021
5872.712876  0.0005636434 0.0032545548
5872.713046  0.0059268956 0.0032575711
5872.713246  0.0020833538 0.0032591134
5872.713496  0.0038307128 0.0032610940
5872.713676 -0.0008096572 0.0032634600
5872.713846 -0.0026470527 0.0032666066
5872.714036  0.0001368114 0.0032673919
5872.714206 -0.0031906289 0.0032693018
5872.714426 -0.0002692292 0.0032705121
5872.714636 -0.0004700220 0.0032742484
5872.714836  0.0006440325 0.0032776098
5872.715036 -0.0003159033 0.0032790549
5872.715246 -0.0010483149 0.0032811824
5872.715466  0.0070650217 0.0032861226
5872.715646 -0.0009430950 0.0032858396
5872.715826 -0.0031549042 0.0032888959
5872.715996  0.0000640603 0.0032910606
5872.716176 -0.0032783120 0.0032928520
5872.716386 -0.0037923601 0.0032967031
5872.716556 -0.0022993243 0.0032979893
5872.716746 -0.0027228665 0.0032999520
5872.716916  0.0010156382 0.0033037270
5872.717086 -0.0004418047 0.0033047217
5872.717266 -0.0020717782 0.0033084335
5872.717446  0.0057413260 0.0033104975
5872.717616  0.0014873912 0.0033127734
5872.717796  0.0006853158 0.0033157591
5872.717966 -0.0028354944 0.0033158533
5872.719636  0.0064870716 0.0033411704
5872.719866  0.0013243198 0.0033416265
5872.720036  0.0031945881 0.0033441209
5872.720216 -0.0037988518 0.0033475347
5872.720386  0.0015819839 0.0033489436
5872.720556  0.0025827788 0.0033520319
5872.720746 -0.0032057845 0.0033526114
5872.720916 -0.0030358132 0.0033563844
5872.721096 -0.0036073308 0.0033567823
5872.721266  0.0004170028 0.0033605583
5872.721436 -0.0012153441 0.0033641858
5872.721616 -0.0013877693 0.0033669046
5872.721826  0.0017418316 0.0033700988
5872.721996  0.0026513452 0.0033718347
5872.722176  0.0046296642 0.0033747130
5872.722356 -0.0011752160 0.0033773249
5872.722526  0.0007591950 0.0033790015
5872.722726  0.0032022107 0.0033822574
5872.722936  0.0024521880 0.0033853627
5872.723146 -0.0033259393 0.0033890425
5872.723346  0.0004170028 0.0033931429
5872.723526 -0.0048759336 0.0033939356
5872.723696 -0.0049537535 0.0033958539
5872.723866  0.0024282480 0.0034005224
5872.724046 -0.0012088369 0.0034032490
5872.724226 -0.0024964924 0.0034046314
5872.724406 -0.0005546695 0.0034085556
5872.724616  0.0023912510 0.0034112878
5872.724806  0.0030900553 0.0034145730
5872.725016 -0.0004146720 0.0034176778
5872.725206 -0.0055901545 0.0034187077
5872.725376  0.0013351904 0.0034221033
5872.725546 -0.0010569924 0.0034243339
5872.725726  0.0050909911 0.0034295983
5872.725906  0.0012743161 0.0034295206
5872.726086  0.0050222704 0.0034348351
5872.726266  0.0005343137 0.0034347878
5872.726436  0.0006744516 0.0034395768
5872.726616  0.0019234558 0.0034424482
5872.726786  0.0000836049 0.0034453063
5872.726956 -0.0021573845 0.0034468710
5872.727196  0.0022900596 0.0034501389
5872.727396 -0.0024076629 0.0034547432
5872.727896 -0.0063805441 0.0034615536
5872.728076 -0.0000575425 0.0034654863
5872.728246 -0.0029015495 0.0034683318
5872.728426 -0.0048553968 0.0034707431
5872.728606 -0.0003039636 0.0034733833
5872.728816 -0.0033410930 0.0034766696
5872.729036 -0.0025170738 0.0034803924
5872.729236  0.0040137766 0.0034861340
5872.729436  0.0010254191 0.0034885064
5872.729646 -0.0024412456 0.0034914685
5872.729856 -0.0038399649 0.0034956287
5872.730066 -0.0013443945 0.0034993351
5872.730236 -0.0047981081 0.0035011928
5872.730426 -0.0000086859 0.0035036427
5872.730596 -0.0035965094 0.0035083162
5872.730766 -0.0061570907 0.0035108479
5872.730956  0.0027623668 0.0035147732
5872.731126  0.0011395351 0.0035182187
5872.731296 -0.0006089272 0.0035201534
5872.731476  0.0008113480 0.0035236747
5872.731646 -0.0000466857 0.0035274053
5872.731826 -0.0034828782 0.0035292463
5872.732006  0.0057686136 0.0035343423
5872.732176  0.0048204967 0.0035367101
5872.732356 -0.0022310655 0.0035387353
5872.732526  0.0001237810 0.0035431612
5872.732716 -0.0011556938 0.0035454957
5872.732946  0.0013688902 0.0035515752
5872.733166  0.0018081699 0.0035562750
5872.733336 -0.0071326076 0.0035573118
5872.733516 -0.0020490210 0.0035610024
5872.733686 -0.0005264544 0.0035649144
5872.733856 -0.0018972939 0.0035669193
5872.734066  0.0054335686 0.0035725344
5872.734276  0.0021083740 0.0035757519
5872.734486  0.0004332952 0.0035789288
5872.734966  0.0021225161 0.0035899406
5872.735146  0.0008363389 0.0035911233
5872.735316 -0.0038010157 0.0035952927
5872.735486 -0.0067140196 0.0035975290
5872.735706  0.0072617479 0.0036036945
5872.735906 -0.0016848404 0.0036055592
5872.736096  0.0018832131 0.0036109019
5872.736266  0.0014199854 0.0036137103
5872.736436  0.0030105736 0.0036179194
5872.736616 -0.0035521405 0.0036220895
5872.736786 -0.0055058987 0.0036242194
5872.736996 -0.0021823066 0.0036299129
5872.737206  0.0007037851 0.0036341425
5872.737856  0.0010938872 0.0036474036
5872.738026 -0.0044899940 0.0036524810
5872.738196  0.0022944117 0.0036547030
5872.738376 -0.0080479759 0.0036588526
5872.738556  0.0013123622 0.0036644434
5872.738736  0.0035627107 0.0036655105
5872.738906  0.0001921923 0.0036682662
5872.739076  0.0017233446 0.0036734430
5872.739256 -0.0005145170 0.0036767315
5872.739426 -0.0002236386 0.0036809732
5872.739636  0.0012873603 0.0036850125
5872.739806  0.0004908637 0.0036899137
5872.739996 -0.0029437794 0.0036934186
5872.740166  0.0012960565 0.0036980864
5872.740356  0.0008233001 0.0037019093
5872.740526  0.0022356595 0.0037045520
5872.740696 -0.0006067570 0.0037089730
5872.740876 -0.0027748500 0.0037124037
5872.741046  0.0027591013 0.0037172235
5872.741216  0.0008884957 0.0037206042
5872.741396  0.0038230858 0.0037230471
5872.741646  0.0027482163 0.0037302480
5872.741826 -0.0001932438 0.0037331823
5872.741996  0.0044486769 0.0037371851
5872.742176 -0.0002366647 0.0037406315
5872.742356 -0.0017271176 0.0037430881
5872.742566  0.0035202287 0.0037503296
5872.742766  0.0050146350 0.0037533135
5872.742966 -0.0057197660 0.0037585095
5872.743176 -0.0049310566 0.0037634025
5872.743386 -0.0008031477 0.0037679735
5872.743796  0.0011134504 0.0037789782
5872.743976  0.0069153151 0.0037850213
5872.744146  0.0048292213 0.0037875711
5872.744336  0.0010286793 0.0037917244
5872.744506  0.0007287735 0.0037961095
5872.744676 -0.0009647907 0.0037999558
5872.744856 -0.0024509952 0.0038034241
5872.745066  0.0030105736 0.0038095396
5872.745266 -0.0050380522 0.0038138250
5872.745476 -0.0036019201 0.0038177908
5872.745686  0.0028668680 0.0038242759
5872.745856  0.0041380160 0.0038276660
5872.746046 -0.0008226763 0.0038308308
5872.746216 -0.0034493276 0.0038367264
5872.746396  0.0061310588 0.0038423419
5872.746586 -0.0038118350 0.0038473468
5872.746806  0.0027242699 0.0038531622
5872.746996 -0.0022018104 0.0038573904
5872.747166  0.0016624485 0.0038602697
5872.747346 -0.0017141094 0.0038656276
5872.747516  0.0017331318 0.0038703083
5872.747726  0.0027841370 0.0038762337
5872.747936  0.0026328427 0.0038811354
5872.748136 -0.0011123096 0.0038862095
5872.748346  0.0021442736 0.0038913560
5872.748556  0.0043778166 0.0038971892
5872.748756  0.0004343814 0.0039015251
5872.748966 -0.0005503288 0.0039077548
5872.749166 -0.0016870085 0.0039123383
5872.749356 -0.0045624357 0.0039171272
5872.749526 -0.0046748729 0.0039199648
5872.749886  0.0045304445 0.0039326259
5872.750066  0.0017896817 0.0039368491
5872.750236  0.0048139533 0.0039412869
5872.750406  0.0029953312 0.0039477555
5872.752096 -0.0026210581 0.0039977897
5872.752306  0.0002931884 0.0040052765
5872.752496 -0.0025972293 0.0040097920
5872.752666  0.0014623853 0.0040139408
5872.752856  0.0035539963 0.0040184130
5872.753026 -0.0025138241 0.0040220155
5872.753196  0.0046623759 0.0040279694
5872.753676  0.0024619818 0.0040404902
5872.754016  0.0013514966 0.0040504919
5872.754196  0.0011938802 0.0040564255
5872.754376  0.0004495879 0.0040612490
5872.754556 -0.0022700711 0.0040662573
5872.754726 -0.0037371792 0.0040705045
5872.754896  0.0019963316 0.0040768284
5872.755076 -0.0078539693 0.0040820473
5872.755246  0.0028320331 0.0040875876
5872.755436 -0.0018506878 0.0040927577
5872.755606 -0.0050110341 0.0040981536
5872.755776  0.0023977798 0.0041033632
5872.755956 -0.0006284593 0.0041082186
5872.756136  0.0040693556 0.0041140448
5872.756316 -0.0033075381 0.0041186602
5872.756506 -0.0041006722 0.0041264691
5872.756766  0.0017015956 0.0041344436
5872.756936  0.0024260717 0.0041382915
5872.757106 -0.0002844256 0.0041453405
5872.757296  0.0050037275 0.0041524909
5872.757676 -0.0027358626 0.0041630666
5872.757846  0.0048673921 0.0041694193
5872.758036  0.0008982753 0.0041748511
5872.758206  0.0000271437 0.0041801889
5872.758386  0.0032435913 0.0041860570
5872.758556  0.0001476702 0.0041925977
5872.758766  0.0021638556 0.0041982147
5872.758966 -0.0023134090 0.0042047734
5872.759146  0.0032348795 0.0042110698
5872.759316  0.0018755998 0.0042177649
5872.759496 -0.0017899884 0.0042241442
5872.759666 -0.0001074826 0.0042285239
5872.759846  0.0026578756 0.0042349540
5872.760026  0.0050168166 0.0042408929
5872.760226 -0.0068855739 0.0042475207
5872.760436  0.0007287735 0.0042556843
5872.760636  0.0047866896 0.0042628953
5872.760816 -0.0016360569 0.0042691912
5872.760996 -0.0072318367 0.0042752866
5872.761346  0.0082590421 0.0042885848
5872.761536 -0.0016132906 0.0042942156
5872.761706 -0.0058644806 0.0042990323
5872.761916  0.0000586313 0.0043095197
5872.762126  0.0003789881 0.0043162220
5872.762366 -0.0038323915 0.0043243965
5872.762536 -0.0026697974 0.0043311957
5872.762726 -0.0050153570 0.0043369792
5872.762896  0.0072169349 0.0043456773
5872.763066 -0.0001628482 0.0043509781
5872.763246 -0.0071951661 0.0043552448
5872.763416 -0.0066892013 0.0043637492
5872.763606  0.0019201929 0.0043734732
5872.763946 -0.0011209866 0.0043851017
5872.764136  0.0046340257 0.0043920512
5872.764306 -0.0066816478 0.0043983100
5872.764486  0.0044366848 0.0044076057
5872.764656  0.0020082967 0.0044140747
5872.764826 -0.0020316818 0.0044193548
5872.765006 -0.0028853068 0.0044267101
5872.765416  0.0005125885 0.0044416718
5872.765626 -0.0000097716 0.0044503926
5872.765836 -0.0040141373 0.0044588889
5872.766006  0.0030388815 0.0044661729
5872.766186 -0.0003452092 0.0044718111
5872.766536 -0.0016295523 0.0044882066
5872.766916 -0.0057942856 0.0045012622
5872.767256 -0.0031473261 0.0045165798
5872.767436  0.0035441927 0.0045248948
5872.767666  0.0006994394 0.0045347833
5872.767846 -0.0059184736 0.0045417811
5872.768056 -0.0059865010 0.0045512144
5872.768236 -0.0075143744 0.0045577533
5872.768416 -0.0063999727 0.0045667512
5872.768596 -0.0017336217 0.0045734127
5872.768766  0.0070988998 0.0045812623
5872.768936 -0.0027521075 0.0045886184
5872.769126 -0.0003169887 0.0045989214
5872.769296 -0.0045094564 0.0046039033
5872.769466 -0.0004331223 0.0046125385
5872.769676  0.0000510308 0.0046243678
5872.769886 -0.0063103825 0.0046308153
5872.770096  0.0027884911 0.0046414846
5872.770306 -0.0000727419 0.0046531536
5872.770476  0.0007200818 0.0046587256
5872.770656 -0.0029751801 0.0046667176
5872.770836 -0.0013736727 0.0046746906
5872.771006  0.0025806021 0.0046819521
5872.771186  0.0008004826 0.0046905802
5872.771356 -0.0013259596 0.0046987531
5872.771566  0.0005430039 0.0047090210
5872.771746  0.0052033533 0.0047172766
5872.771926 -0.0080964721 0.0047234269
5872.772096 -0.0058374830 0.0047332648
5872.772876  0.0048902952 0.0047802643
5872.773046 -0.0008085723 0.0047856171
5872.773236 -0.0002507761 0.0047935038
5872.773406 -0.0018907909 0.0048003586
5872.773576 -0.0023816626 0.0048079390
5872.773756  0.0002334584 0.0048162756
5872.774116  0.0006168734 0.0048310129
5872.774286  0.0039680077 0.0048394086
5872.774456  0.0010015105 0.0048479390
5872.774636  0.0033557625 0.0048573733
5872.774816  0.0017026830 0.0048662950
5872.774996  0.0027264468 0.0048763280
5872.775166  0.0038851928 0.0048848039
5872.775516  0.0018016446 0.0049015398
5872.775696  0.0038089215 0.0049106100
5872.775876  0.0039549313 0.0049199880
5872.776046  0.0001454984 0.0049277312
5872.776216  0.0069918050 0.0049403253
5872.776406 -0.0068607595 0.0049445853
5872.776576 -0.0055048185 0.0049550853
5872.776746 -0.0021909750 0.0049637308
5872.776926 -0.0029004667 0.0049734823
5872.777096  0.0030486806 0.0049833880
5872.777306 -0.0029708490 0.0049958981
5872.777516  0.0066629369 0.0050065592
5872.777726  0.0055645185 0.0050167751
5872.777896 -0.0017076053 0.0050255628
5872.778106 -0.0030639632 0.0050376940
5872.778276  0.0020539831 0.0050484433
5872.778466 -0.0024639946 0.0050556444
5872.778636 -0.0003842826 0.0050664231
5872.778806  0.0001454984 0.0050764970
5872.779016 -0.0007662593 0.0050863404
5872.779456  0.0007874442 0.0051110086
5872.779646  0.0029877101 0.0051213767
5872.779816 -0.0017628894 0.0051315364
5872.780166 -0.0010179432 0.0051480751
5872.780376  0.0020550708 0.0051626666
5872.780586  0.0009721690 0.0051727339
5872.780756  0.0027264468 0.0051821870
5872.780936 -0.0008595627 0.0051933061
5872.781626 -0.0066320093 0.0052315951
5872.781796  0.0019528231 0.0052437573
5872.781966  0.0001987079 0.0052515813
5872.782146  0.0008624170 0.0052623988
5872.782316 -0.0040422619 0.0052732946
5872.782496 -0.0067582595 0.0052838578
5872.782696  0.0008613304 0.0052960781
5872.782906 -0.0039005498 0.0053075201
5872.784586  0.0000749184 0.0054290556
5872.784806  0.0031140099 0.0054420957
5872.784976  0.0016080799 0.0054530376
5872.785156 -0.0028062556 0.0054644828
5872.785326  0.0031586538 0.0054771643
5872.785496 -0.0018853716 0.0054886289
5872.785686 -0.0014224679 0.0054996440
5872.786036  0.0011493170 0.0055224684
5872.786206 -0.0013400569 0.0055336778
5872.786376 -0.0021855572 0.0055456235
5872.786836 -0.0054486442 0.0055711133
5872.787006  0.0043287622 0.0055855372
5872.787176  0.0078335491 0.0055970350
5872.787356 -0.0060545241 0.0056068745
5872.787716 -0.0001042257 0.0056311731
5872.787886  0.0022802674 0.0056424659
5872.788236  0.0028929949 0.0056663351
5872.788406 -0.0024174128 0.0056787712
5872.788576 -0.0017238656 0.0056910720
5872.788766 -0.0063395271 0.0057014708
5872.788936 -0.0064712078 0.0057148101
5872.789116 -0.0016046175 0.0057263893
5872.789286 -0.0011849771 0.0057383640
5872.789646  0.0004745704 0.0057666936
5872.789816  0.0059520045 0.0057794839
5872.790006  0.0000662319 0.0057938418
5872.790176  0.0056605585 0.0058084922
5872.790346  0.0029354524 0.0058200599
5872.790556  0.0071305932 0.0058371269
5872.790766 -0.0074572257 0.0058519587
5872.790976  0.0041325666 0.0058689857
5872.791426 -0.0054443230 0.0059027893
5872.791596 -0.0064560977 0.0059167186
5872.791776 -0.0030076625 0.0059322925
5872.791946  0.0050571756 0.0059459790
5872.792136 -0.0024499120 0.0059591731
5872.792486 -0.0014842721 0.0059883290
5872.792666 -0.0053611363 0.0060037177
5872.792836 -0.0034980297 0.0060172756
5872.793016  0.0038601317 0.0060320434
5872.793366  0.0055787057 0.0060612428
5872.793716  0.0030976772 0.0060898726
5872.793896  0.0007385518 0.0061038166
5872.794096 -0.0007673443 0.0061224808
5872.794576 -0.0039676219 0.0061628769
5872.794746 -0.0011632858 0.0061766463
5872.794926 -0.0019688250 0.0061904895
5872.795106  0.0048913859 0.0062079151
5872.795276  0.0052055353 0.0062238939
5872.795666  0.0072202139 0.0062562203
5872.795856  0.0029811777 0.0062732132
5872.796066  0.0055154105 0.0062922377
5872.796276  0.0011743157 0.0063106062
5872.796486 -0.0025972293 0.0063277160
5872.796696 -0.0036105772 0.0063467020
5872.797096  0.0042535497 0.0063830289
5872.797456  0.0046809130 0.0064149834
5872.797806 -0.0024174128 0.0064490128
