6639.523940 -0.00410333   0.00633183
6639.524120  0.00969726   0.00631397
6639.524470 -0.00540071   0.00627276
6639.524650  0.00702430   0.00624979
6639.525230 -0.00173859   0.00618955
6639.525590  0.00414710   0.00615248
6639.525760  0.00904308   0.00613368
6639.525940  0.00323809   0.00611422
6639.526120  0.00267565   0.00609509
6639.526300 -0.00278721   0.00607578
6639.526480  0.01207185   0.00606284
6639.526660  0.00413967   0.00604139
6639.526840  0.00178098   0.00602387
6639.527020 -0.00265632   0.00600601
6639.527190 -0.00138697   0.00599052
6639.527370  0.00433237   0.00597418
6639.527640 -0.00012647   0.00594363
6639.527880  0.00814411   0.00592182
6639.528180  0.00020939   0.00589040
6639.528480  0.01174904   0.00586980
6639.528720 -0.00162679   0.00584534
6639.528950  0.00048206   0.00582552
6639.529200  0.00662447   0.00579080
6639.529590  0.01138134   0.00576469
6639.529910  0.01155272   0.00574553
6639.530200 -0.00095227   0.00571572
6639.530450  0.01171703   0.00570091
6639.530700  0.01194005   0.00568055
6639.531220  0.00753262   0.00564495
6639.531440  0.01538279   0.00563048
6639.531620  0.00526689   0.00561647
6639.531790  0.01472131   0.00560373
6639.531970  0.00098606   0.00558660
6639.532140  0.00646367   0.00557197
6639.532320  0.01083556   0.00556077
6639.532500  0.00469215   0.00554703
6639.532680  0.00790103   0.00553368
6639.532860  0.00819903   0.00551835
6639.533080 -0.00374570   0.00550188
6639.533250  0.01454500   0.00549422
6639.533430  0.00661593   0.00547990
6639.533610 -0.00009991   0.00546444
6639.533790  0.00586985   0.00545246
6639.533990 -0.00167135   0.00543715
6639.534200 -0.00279256   0.00542143
6639.534410  0.00454796   0.00541006
6639.534620  0.00375041   0.00539518
6639.534830  0.00647118   0.00538111
6639.535030 -0.00287945   0.00536567
6639.535240  0.00506974   0.00534988
6639.535490  0.00198099   0.00533363
6639.535670  0.00955275   0.00532548
6639.535850  0.00670664   0.00531094
6639.536020  0.00473340   0.00529941
6639.536240  0.00376239   0.00528511
6639.536420  0.00379244   0.00527372
6639.536600  0.00975953   0.00526394
6639.536780  0.01606785   0.00525281
6639.536960  0.00404327   0.00523899
6639.537140 -0.00079462   0.00522617
6639.537350  0.01248200   0.00521639
6639.537560  0.00643982   0.00520099
6639.537770  0.00998215   0.00518807
6639.537970  0.00206281   0.00517509
6639.538180  0.00515539   0.00516226
6639.538360  0.00819398   0.00515127
6639.538540  0.00672440   0.00513960
6639.538710  0.01149663   0.00513053
6639.538930  0.01247132   0.00511793
6639.539110  0.00465438   0.00510464
6639.539280  0.00926295   0.00509558
6639.539460  0.00534682   0.00508352
6639.539640  0.00229249   0.00507350
6639.539820  0.01460269   0.00506619
6639.540000  0.00549827   0.00505285
6639.540170  0.01895306   0.00504758
6639.540350 -0.00011411   0.00503094
6639.540530 -0.00559987   0.00501939
6639.540700  0.01298911   0.00501586
6639.540880  0.00756657   0.00500354
6639.541060  0.00503225   0.00499368
6639.541240  0.00582711   0.00498478
6639.541420  0.00155903   0.00497120
6639.541590 -0.00633943   0.00496137
6639.541810  0.01096157   0.00495350
6639.541990  0.00910134   0.00494221
6639.542170  0.00203707   0.00493062
6639.542340  0.01126017   0.00492255
6639.542520  0.00349831   0.00491217
6639.542700  0.00212471   0.00490328
6639.542880  0.00702737   0.00489265
6639.543050  0.00235794   0.00488289
6639.543230  0.00395532   0.00487407
6639.543400  0.00381361   0.00486580
6639.543610  0.00688601   0.00485532
6639.543820  0.00842129   0.00484324
6639.544030  0.00135448   0.00483129
6639.544200  0.00493427   0.00482267
6639.544410  0.00113297   0.00481114
6639.544620  0.00465465   0.00480212
6639.544830  0.00843573   0.00479340
6639.545070  0.01009861   0.00478164
6639.545250 -0.00073107   0.00476819
6639.545430  0.01070308   0.00476343
6639.545610 -0.00462325   0.00475185
6639.545780  0.00395112   0.00474483
6639.545960  0.00672082   0.00473583
6639.546140  0.00480569   0.00472644
6639.546310  0.00990526   0.00471950
6639.546490  0.00031469   0.00470874
6639.546670 -0.00207398   0.00470026
6639.546840  0.00771371   0.00469381
6639.547020 -0.00358104   0.00468031
6639.547200  0.00536103   0.00467617
6639.547380  0.00105226   0.00466584
6639.547550 -0.00252775   0.00465665
6639.547730  0.00731345   0.00465104
6639.547900  0.00293082   0.00464222
6639.548080  0.00655377   0.00463416
6639.548260  0.00470411   0.00462602
6639.548440 -0.00002650   0.00461731
6639.548610 -0.00058922   0.00460929
6639.548830  0.01818112   0.00460492
6639.549010  0.00190700   0.00459300
6639.549190  0.00078798   0.00458593
6639.549360 -0.00073717   0.00457622
6639.549540  0.01265440   0.00457114
6639.549720  0.00741461   0.00456335
6639.549900  0.00236582   0.00455320
6639.550080  0.01151161   0.00454713
6639.550260  0.00638639   0.00453787
6639.550440  0.00295064   0.00452961
6639.550620  0.00583893   0.00452213
6639.550800 -0.00192241   0.00451310
6639.550980  0.00620164   0.00450725
6639.551150  0.00387966   0.00449837
6639.551330  0.01595037   0.00449424
6639.551510  0.00643630   0.00448464
6639.551690  0.00647503   0.00447674
6639.551860  0.00315236   0.00446928
6639.552040  0.01228815   0.00446263
6639.552220  0.00364858   0.00445196
6639.552440  0.00905609   0.00444543
6639.552610  0.00888966   0.00443765
6639.552790  0.01472505   0.00443139
6639.552970 -0.00554628   0.00442006
6639.553140  0.00839103   0.00441427
6639.553320  0.00756923   0.00440761
6639.553500 -0.00121640   0.00439895
6639.553680  0.00371315   0.00439236
6639.553860  0.00728514   0.00438753
6639.554060  0.00401931   0.00437928
6639.554480  0.00511354   0.00436021
6639.554690  0.00258927   0.00435246
6639.557310  0.00554169   0.00425297
6639.557480  0.00658359   0.00424840
6639.557660  0.00497763   0.00424050
6639.557840  0.00324384   0.00423352
6639.558020  0.01137430   0.00422834
6639.558200 -0.00031599   0.00421911
6639.558370  0.00547574   0.00421453
6639.558590  0.00182971   0.00420614
6639.558760  0.00189633   0.00420079
6639.558940 -0.00114787   0.00419361
6639.559120  0.00734203   0.00418892
6639.559290  0.01048274   0.00418599
6639.559470  0.00276238   0.00417497
6639.559650  0.00547134   0.00417109
6639.559820  0.00329705   0.00416273
6639.560000  0.00566254   0.00415846
6639.560180  0.00374775   0.00415414
6639.560390  0.01162890   0.00414584
6639.560600  0.00163167   0.00413504
6639.560800  0.01415947   0.00413350
6639.561010  0.01285899   0.00412683
6639.561260  0.00309894   0.00411313
6639.561440  0.00348027   0.00410898
6639.561620  0.00611128   0.00410422
6639.561790  0.01462766   0.00410142
6639.561970  0.00985204   0.00409188
6639.562180  0.00292909   0.00408581
6639.562360  0.00199565   0.00407830
6639.562540  0.00422035   0.00407529
6639.562710  0.01543963   0.00407033
6639.562890 -0.00049196   0.00406215
6639.563070  0.01078580   0.00405954
6639.563270  0.00482639   0.00405225
6639.563480  0.01131336   0.00404848
6639.563690  0.00798409   0.00403895
6639.563900  0.01445956   0.00403108
6639.564330  0.01154626   0.00401810
6639.564510  0.00039538   0.00401191
6639.564690  0.00581230   0.00400840
6639.565050 -0.00071133   0.00399551
6639.565230  0.00660595   0.00398971
6639.565410  0.00983877   0.00398730
6639.565590  0.00789598   0.00398164
6639.565940 -0.00298623   0.00397164
6639.566400  0.00393234   0.00395434
6639.566580  0.00434995   0.00394888
6639.566750 -0.00173638   0.00394176
6639.566930  0.01130214   0.00394214
6639.567110  0.00186727   0.00393512
6639.567320 -0.00285756   0.00392782
6639.567500  0.01687769   0.00392780
6639.567850  0.00247405   0.00391294
6639.568030  0.00678765   0.00391056
6639.568210  0.01039205   0.00390658
6639.568390  0.00873043   0.00390066
6639.568590  0.01440127   0.00389529
6639.568800  0.00544404   0.00388759
6639.569010  0.00515598   0.00387977
6639.569220  0.00524318   0.00387389
6639.569470  0.00568404   0.00386838
6639.569650  0.00732269   0.00386437
6639.569830  0.01003282   0.00386086
6639.570010  0.01073149   0.00385471
6639.570180  0.01108650   0.00385160
6639.570390  0.00967879   0.00384413
6639.570600  0.00248830   0.00383611
6639.570780  0.01424197   0.00383718
6639.570950 -0.00009496   0.00382846
6639.571130 -0.00198498   0.00382249
6639.571310  0.00076993   0.00381916
6639.571490  0.00501642   0.00381856
6639.571670  0.00368422   0.00380880
6639.571840  0.00415628   0.00380521
6639.572020  0.00639876   0.00380044
6639.572200  0.01568539   0.00380043
6639.572380  0.00219155   0.00379204
6639.572560  0.01116364   0.00379105
6639.572730  0.01569283   0.00378546
6639.572950  0.01153044   0.00378094
6639.573130  0.00946999   0.00377386
6639.573300  0.00085365   0.00376660
6639.573480  0.00440239   0.00376304
6639.573690  0.00180098   0.00375899
6639.573870  0.01767009   0.00375679
6639.574040  0.00666882   0.00375048
6639.574220  0.00299873   0.00374318
6639.574400  0.00969609   0.00374151
6639.574580  0.00603570   0.00373743
6639.574760  0.00923681   0.00373104
6639.574940  0.00075835   0.00372625
6639.575120  0.00749856   0.00372237
6639.575340  0.00770018   0.00372038
6639.575510  0.00220028   0.00371158
6639.575690  0.01010061   0.00371117
6639.575860  0.00385302   0.00370716
6639.576040  0.00262893   0.00370223
6639.576250  0.01199623   0.00370152
6639.576430  0.01584962   0.00369663
6639.576610  0.01876930   0.00369206
6639.576800  0.00148852   0.00368439
6639.577150  0.00307692   0.00367503
6639.577330  0.00501164   0.00367254
6639.577510  0.01182397   0.00367149
6639.577690  0.01105370   0.00366410
6639.577910  0.00132679   0.00365882
6639.578080  0.01866661   0.00366125
6639.578260  0.00470624   0.00365077
6639.578440  0.00797882   0.00364737
6639.578610 -0.00037220   0.00364029
6639.578860  0.00797513   0.00364109
6639.579040  0.00677594   0.00363397
6639.579220  0.01341621   0.00363211
6639.579400  0.00773332   0.00363076
6639.579580  0.00907407   0.00362439
6639.579750  0.00863207   0.00361939
6639.579930  0.00103328   0.00361322
6639.580110  0.00476163   0.00361141
6639.580280  0.01082617   0.00361041
6639.580460 -0.00158271   0.00360195
6639.580680  0.01691488   0.00360405
6639.580850  0.00558637   0.00359628
6639.581030  0.00509880   0.00359238
6639.581210  0.01330930   0.00359189
6639.581380  0.01060592   0.00358768
6639.581590  0.00989041   0.00358339
6639.581800  0.00430734   0.00357753
6639.582010  0.00851626   0.00357643
6639.582190  0.00742727   0.00357010
6639.582370  0.00825059   0.00356545
6639.582600  0.00686079   0.00356103
6639.582800  0.00963638   0.00355855
6639.583010  0.01343076   0.00355465
6639.583220  0.01277088   0.00354934
6639.583430  0.01123157   0.00354731
6639.583610  0.00751414   0.00354303
6639.583790  0.01054974   0.00354036
6639.583970  0.00289486   0.00353131
6639.584170  0.00394952   0.00352821
6639.584350  0.01051231   0.00352742
6639.584560  0.01245234   0.00352418
6639.584740  0.00147666   0.00351817
6639.584910  0.00071519   0.00351458
6639.585090  0.01248405   0.00351491
6639.585450  0.01040853   0.00350721
6639.585670  0.00836727   0.00350021
6639.585850  0.00353650   0.00349764
6639.586030  0.00447543   0.00349612
6639.586210  0.00464720   0.00349208
6639.586390  0.00422716   0.00348749
6639.586560  0.00487870   0.00348381
6639.586740  0.00710905   0.00348161
6639.586920  0.00564646   0.00347925
6639.587100 -0.00087858   0.00347579
6639.587280  0.01424053   0.00347492
6639.587490  0.01119813   0.00346960
6639.587690 -0.00077166   0.00346367
6639.587870  0.00908952   0.00346224
6639.588050  0.00612287   0.00345785
6639.590500  0.00988465   0.00341768
6639.590680  0.00898336   0.00341469
6639.590860  0.01455472   0.00341471
6639.591040  0.01057721   0.00340829
6639.591210  0.00803132   0.00340600
6639.591390  0.00489132   0.00340064
6639.591570  0.00639611   0.00339803
6639.591780  0.01013164   0.00339621
6639.591990  0.00565260   0.00339081
6639.592190  0.00639769   0.00338797
6639.592400  0.00879105   0.00338552
6639.592610  0.00871503   0.00338378
6639.592820  0.00620604   0.00337958
6639.593070  0.00263096   0.00337273
6639.593250  0.01224769   0.00337282
6639.593430  0.00016720   0.00336508
6639.593600  0.00304346   0.00336473
6639.593790  0.00629778   0.00336190
6639.593990  0.01650002   0.00336108
6639.594200  0.00823078   0.00335563
6639.594410  0.00586385   0.00335305
6639.594620  0.00586667   0.00334649
6639.594790  0.00174488   0.00334633
6639.594970  0.00710115   0.00334247
6639.595150  0.00212540   0.00333973
6639.595330  0.00880040   0.00333907
6639.595510 -0.00073268   0.00333478
6639.595710  0.00782115   0.00333187
6639.595920  0.00378451   0.00332788
6639.596130 -0.00024759   0.00332270
6639.596340  0.00607306   0.00332150
6639.596510  0.00647085   0.00331958
6639.596730  0.01323546   0.00331825
6639.596910  0.00757660   0.00331452
6639.597090  0.00895592   0.00331072
6639.597260  0.00783867   0.00331039
6639.597440  0.00783833   0.00330613
6639.597650  0.01477113   0.00330626
6639.597830 -0.00028766   0.00330079
6639.598000  0.01550802   0.00330053
6639.598180  0.00872941   0.00329682
6639.598360  0.00522272   0.00329277
6639.598540  0.00745766   0.00329102
6639.598710  0.01570121   0.00329225
6639.598890  0.00376379   0.00328570
6639.599110  0.01093347   0.00328315
6639.599290  0.00604742   0.00327997
6639.599460  0.00767270   0.00327782
6639.599640  0.01275736   0.00327736
6639.599820  0.00607372   0.00327325
6639.600030  0.01231009   0.00327353
6639.600230  0.00729045   0.00326941
6639.600440 -0.00178209   0.00326093
6639.600650  0.00924014   0.00326291
6639.600850  0.00866584   0.00326001
6639.601060  0.01647253   0.00325848
6639.601280  0.00345875   0.00325335
6639.601450  0.01182959   0.00325125
6639.601670  0.01385183   0.00325281
6639.601850  0.00695094   0.00324700
6639.602020  0.01390785   0.00324652
6639.602200  0.01667488   0.00324488
6639.602380  0.00125441   0.00323737
6639.602590  0.01088937   0.00323653
6639.602790  0.01006051   0.00323595
6639.602970  0.00486742   0.00323098
6639.603150  0.01165745   0.00323029
6639.603340  0.00676137   0.00322874
6639.603510  0.01291706   0.00322743
6639.603690  0.01354757   0.00322586
6639.603870 -0.00035310   0.00321736
6639.604050  0.00908651   0.00321825
6639.604230  0.00644237   0.00321657
6639.604400  0.00990474   0.00321719
6639.604580  0.00529122   0.00321138
6639.604760  0.01012871   0.00321208
6639.604940 -0.00081999   0.00320207
6639.605150  0.00728852   0.00320405
6639.605330  0.00499808   0.00320374
6639.605510  0.00963330   0.00320071
6639.605680  0.00693372   0.00319674
6639.605860  0.00834176   0.00319654
6639.606030  0.00498466   0.00319320
6639.606210  0.00784816   0.00319300
6639.606390  0.01053285   0.00318987
6639.606570  0.00874098   0.00318821
6639.606750  0.00290242   0.00318302
6639.606930  0.01016836   0.00318521
6639.607140  0.01110850   0.00318164
6639.607330  0.00962904   0.00317941
6639.607500  0.00634744   0.00317577
6639.607680  0.00784892   0.00317364
6639.607860  0.00974539   0.00317405
6639.608030  0.00826435   0.00317040
6639.608210  0.01141233   0.00316937
6639.608390  0.01649698   0.00317031
6639.608560  0.01502688   0.00316808
6639.608740  0.00479137   0.00316140
6639.608920  0.00768591   0.00316188
6639.609100  0.00574641   0.00315745
6639.609280  0.00755345   0.00315729
6639.609450  0.00793856   0.00315700
6639.609630 -0.00011033   0.00315038
6639.609810  0.00826623   0.00315101
6639.610020 -0.00004843   0.00314454
6639.610200  0.00877066   0.00314627
6639.610380  0.00956898   0.00314604
6639.610560  0.00944406   0.00314499
6639.610730  0.00323188   0.00314118
6639.610910  0.00628131   0.00313869
6639.611090  0.00843674   0.00313787
6639.611270  0.01031810   0.00313573
6639.611450  0.00250990   0.00313239
6639.611630  0.00576464   0.00312865
6639.611800  0.00968921   0.00313090
6639.611980  0.00506884   0.00312830
6639.612160  0.00762436   0.00312555
6639.612340  0.01069395   0.00312589
6639.612510  0.01042343   0.00312340
6639.612690  0.00899614   0.00311951
6639.612870  0.00616156   0.00311873
6639.613050  0.00707460   0.00311623
6639.613270  0.00425875   0.00311418
6639.613450  0.00866914   0.00311265
6639.613630  0.00300716   0.00310833
6639.613800  0.01280053   0.00311124
6639.613980  0.00627874   0.00310734
6639.614160  0.01229498   0.00310740
6639.614330  0.00540236   0.00310552
6639.614510  0.01527943   0.00310500
6639.614690  0.00686774   0.00310182
6639.614870  0.00466576   0.00309978
6639.615050  0.00653651   0.00309857
6639.615260  0.00563877   0.00309555
6639.615470  0.00621300   0.00309354
6639.615680  0.00111023   0.00309195
6639.615930  0.00889462   0.00309089
6639.616100  0.00516827   0.00308749
6639.616280  0.00361434   0.00308356
6639.616460  0.00844068   0.00308589
6639.616640  0.01236862   0.00308554
6639.616810  0.01267848   0.00308294
6639.616990  0.00250779   0.00307851
6639.617170  0.00866473   0.00307647
6639.617340  0.00782102   0.00307724
6639.617520  0.01410835   0.00307643
6639.617700  0.00272196   0.00307007
6639.617880  0.01576183   0.00307441
6639.618060  0.00670052   0.00306922
6639.618240  0.00510687   0.00306677
6639.618420  0.01256716   0.00306872
6639.618590  0.00641217   0.00306551
6639.618770  0.00547282   0.00306377
6639.618950  0.00580459   0.00306013
6639.619130  0.00910039   0.00305997
6639.619350  0.01209765   0.00306029
6639.619530  0.00599558   0.00305860
6639.619700  0.01096455   0.00305713
6639.619880  0.01505669   0.00305638
6639.620060  0.00451780   0.00305079
6639.620260  0.01093789   0.00305340
6639.620470  0.01345599   0.00305237
6639.620680  0.00543092   0.00304545
6639.621030  0.01321232   0.00304860
6639.621250  0.00520992   0.00304132
6639.623890  0.00479504   0.00301944
6639.624060  0.00145056   0.00301592
6639.624240  0.00556547   0.00301586
6639.624460  0.00329738   0.00301332
6639.624630  0.00359433   0.00301274
6639.624810  0.00602393   0.00301016
6639.624990  0.00553388   0.00300881
6639.625170  0.00837249   0.00300797
6639.625370  0.01121991   0.00301087
6639.625580  0.00868081   0.00300844
6639.625790  0.00227878   0.00300391
6639.626040  0.00424269   0.00300217
6639.626220  0.00770340   0.00300053
6639.626400  0.00258292   0.00299675
6639.626580  0.00727318   0.00299949
6639.626750  0.01458311   0.00299877
6639.626960  0.00510831   0.00299694
6639.627170  0.01186554   0.00299527
6639.627380  0.00758826   0.00299380
6639.627580  0.00354015   0.00298968
6639.627790  0.00820443   0.00298886
6639.628010  0.00560729   0.00298837
6639.628190  0.00400840   0.00298609
6639.628370  0.00815092   0.00298762
6639.628590  0.00877736   0.00298575
6639.628770  0.00658827   0.00298439
6639.628940  0.00576915   0.00298012
6639.629120  0.00858970   0.00298094
6639.629300  0.00904214   0.00298003
6639.629480  0.00151302   0.00297646
6639.629650  0.00640904   0.00297874
6639.629830  0.00625964   0.00297711
6639.630010  0.00920966   0.00297808
6639.630250  0.00669061   0.00297347
6639.630430  0.00608199   0.00297182
6639.630610  0.01449152   0.00297339
6639.630790  0.01134670   0.00297387
6639.630970  0.01123559   0.00297100
6639.631150  0.01211048   0.00297138
6639.631360  0.01073653   0.00296893
6639.631530  0.00950496   0.00296788
6639.631710  0.00459835   0.00296634
6639.631890  0.00787360   0.00296467
6639.632070  0.01113930   0.00296434
6639.632240  0.00964753   0.00296168
6639.632420  0.00788107   0.00296230
6639.632600  0.00810549   0.00295816
6639.632780  0.00916992   0.00295790
6639.632950  0.01295679   0.00295906
6639.633130  0.00796958   0.00295666
6639.633310 -0.00043852   0.00295166
6639.633490  0.00953964   0.00295352
6639.633670  0.00258583   0.00295016
6639.633880  0.01100295   0.00295102
6639.634080  0.00396070   0.00294940
6639.634290  0.00831237   0.00294795
6639.634500  0.00613879   0.00294451
6639.634750  0.00634675   0.00294239
6639.634920  0.00275642   0.00294076
6639.635100  0.01227714   0.00294391
6639.635280  0.00872822   0.00294193
6639.635460  0.00890875   0.00293961
6639.635660  0.01212519   0.00294025
6639.635870  0.00613137   0.00293680
6639.636080  0.00986747   0.00293660
6639.636260  0.01086821   0.00293636
6639.636440  0.01066672   0.00293629
6639.636620 -0.00017482   0.00292989
6639.636790  0.01033202   0.00293422
6639.636980  0.00561211   0.00293092
6639.637150  0.00329990   0.00292842
6639.637330  0.00600206   0.00293029
6639.637510  0.01186828   0.00293066
6639.637690  0.01196837   0.00292763
6639.637870  0.00600647   0.00292625
6639.638040  0.00246104   0.00292299
6639.638220  0.00239812   0.00292358
6639.638400  0.00996482   0.00292446
6639.638570  0.00941960   0.00292280
6639.638750  0.00838484   0.00292195
6639.638930  0.00840276   0.00292094
6639.639110  0.00418850   0.00291624
6639.639280  0.00864095   0.00292128
6639.639500  0.00586773   0.00291723
6639.639680  0.00118186   0.00291520
6639.639860  0.00696960   0.00291606
6639.640040  0.01140503   0.00291712
6639.640210  0.00588781   0.00291486
6639.640420  0.00912837   0.00291484
6639.640630  0.01028253   0.00291307
6639.640830  0.00207032   0.00290925
6639.641040  0.00359569   0.00290976
6639.641250  0.00122838   0.00290867
6639.641460  0.00375734   0.00290709
6639.641630  0.00612934   0.00290750
6639.641810  0.00814294   0.00290772
6639.641990  0.00787705   0.00290609
6639.642170  0.00546912   0.00290318
6639.642340  0.00293725   0.00290249
6639.642520  0.00669362   0.00290158
6639.642700  0.01086716   0.00290228
6639.642880  0.00964679   0.00290254
6639.643050  0.00892051   0.00290091
6639.643230  0.00509658   0.00289908
6639.643440  0.00533342   0.00289718
6639.643650  0.00954545   0.00289901
6639.643850  0.00703684   0.00289595
6639.644060  0.00821883   0.00289482
6639.644270  0.00497796   0.00289389
6639.644480  0.01128256   0.00289627
6639.644690  0.00674043   0.00289229
6639.644900  0.00471912   0.00289235
6639.645100  0.00466146   0.00288876
6639.645280  0.01179630   0.00289460
6639.645460  0.00500455   0.00288888
6639.645680  0.00285725   0.00288668
6639.645860  0.00611318   0.00288824
6639.646030  0.00944574   0.00288833
6639.646210  0.00907132   0.00288919
6639.646390  0.01014965   0.00288775
6639.646600  0.00401141   0.00288619
6639.646800  0.01527501   0.00288808
6639.647010  0.01035743   0.00288531
6639.647190  0.00824647   0.00288508
6639.647370  0.00859575   0.00288435
6639.647540  0.00684084   0.00288273
6639.647720  0.00872443   0.00288272
6639.647900  0.00242268   0.00287936
6639.648110  0.01045811   0.00288192
6639.648320  0.01574679   0.00288283
6639.648540  0.00995918   0.00288063
6639.648740  0.00629214   0.00288020
6639.648950  0.00211323   0.00287592
6639.649160  0.00248684   0.00287391
6639.649330  0.00506534   0.00287512
6639.649510  0.00171364   0.00287462
6639.649690  0.00762547   0.00287532
6639.649870  0.00915225   0.00287408
6639.650070  0.00821106   0.00287329
6639.650280  0.00775048   0.00287208
6639.650490  0.00891221   0.00287403
6639.650690  0.00645575   0.00287346
6639.650900  0.00451215   0.00286968
6639.651110 -0.00021249   0.00286790
6639.651290  0.01129613   0.00287206
6639.651470  0.00753957   0.00286742
6639.651650  0.00433333   0.00286657
6639.651830  0.00764349   0.00286674
6639.652000  0.00609489   0.00286607
6639.652180  0.00609142   0.00286543
6639.652410  0.01054800   0.00286714
6639.652590  0.00459660   0.00286390
6639.652770  0.00326456   0.00286420
6639.652950  0.00878997   0.00286400
6639.653120  0.00680131   0.00286338
6639.653330  0.01018142   0.00286484
6639.653540  0.01015725   0.00286596
6639.653750  0.00403524   0.00286046
6639.653950  0.00974419   0.00286297
6639.654160  0.00726068   0.00286100
6639.654370  0.01393363   0.00286494
6639.654570  0.00706126   0.00286081
6639.657060  0.00582220   0.00285793
6639.657240  0.00870614   0.00285772
6639.657440  0.00536847   0.00285533
6639.657650  0.00725208   0.00285558
6639.657860  0.00649601   0.00285551
6639.658070  0.00565574   0.00285343
6639.658250  0.00780384   0.00285548
6639.658430  0.00155744   0.00285249
6639.658600  0.00437023   0.00285460
6639.658780  0.00570290   0.00285505
6639.658960  0.00561091   0.00285421
6639.659140  0.00653130   0.00285413
6639.659320  0.01128945   0.00285396
6639.659500  0.01056688   0.00285252
6639.659670  0.00843536   0.00285226
6639.659880  0.01109080   0.00285263
6639.660090 -0.00221661   0.00284689
6639.660300  0.00749672   0.00285006
6639.660510  0.01067548   0.00285178
6639.660680  0.00020634   0.00284769
6639.660860  0.00924026   0.00285040
6639.661040  0.01025998   0.00285124
6639.661220  0.01178963   0.00284902
6639.661400  0.00902303   0.00284777
6639.661580  0.00723174   0.00284700
6639.661790  0.00583610   0.00284797
6639.662000  0.00365087   0.00284562
6639.662180  0.00604692   0.00284612
6639.662390  0.00667028   0.00284682
6639.662600  0.00967818   0.00284776
6639.662840  0.01816293   0.00284373
6639.663020  0.00786504   0.00284473
6639.663200  0.00665978   0.00284280
6639.663380  0.01202502   0.00284458
6639.663560  0.00946914   0.00284442
6639.663740  0.00636993   0.00284190
6639.663920  0.00522349   0.00284246
6639.664090  0.00691379   0.00284337
6639.664270  0.00932195   0.00284379
6639.664450  0.00622479   0.00284201
6639.664630  0.01291939   0.00284436
6639.664840  0.00698556   0.00284217
6639.665050  0.00836959   0.00284270
6639.665250  0.00418914   0.00284196
6639.665430  0.00435886   0.00284272
6639.665610  0.00808798   0.00284201
6639.665790  0.00800912   0.00284172
6639.665960  0.00546229   0.00284125
6639.666170  0.00613395   0.00284100
6639.666380  0.00862019   0.00284034
6639.666590  0.00495874   0.00283962
6639.666800  0.00212657   0.00283846
6639.667000  0.01073327   0.00283984
6639.667180  0.00109609   0.00283638
6639.667360  0.00471039   0.00283830
6639.667540  0.00760216   0.00283918
6639.667710  0.00924620   0.00283979
6639.667890  0.01212578   0.00284008
6639.668070  0.00100217   0.00283733
6639.668250  0.00732591   0.00283945
6639.668420  0.00988691   0.00283910
6639.668600  0.01037683   0.00283828
6639.668780  0.00695568   0.00283889
6639.668990  0.01160710   0.00284011
6639.669160  0.00901088   0.00283844
6639.669340  0.01004305   0.00284016
6639.669520  0.00518324   0.00283739
6639.669700  0.00521005   0.00283657
6639.669870  0.00537325   0.00283720
6639.670050  0.01140471   0.00283855
6639.670230  0.00752838   0.00283911
6639.670410  0.01158340   0.00283913
6639.670580  0.00523902   0.00283725
6639.670760  0.00696009   0.00283737
6639.670980  0.00696460   0.00283881
6639.671150  0.01265657   0.00284101
6639.671330  0.00567685   0.00283828
6639.671510  0.01048676   0.00284000
6639.671690  0.00751874   0.00283991
6639.671890  0.00379770   0.00283733
6639.672100  0.00721460   0.00283834
6639.672310  0.00243907   0.00283585
6639.672520  0.00542813   0.00283635
6639.672720  0.00252843   0.00283597
6639.672930  0.01271615   0.00284039
6639.673130  0.00887883   0.00283806
6639.673340  0.00834509   0.00283957
6639.673550  0.00617991   0.00283976
6639.673730  0.00770055   0.00283812
6639.673910  0.00463549   0.00283765
6639.674080  0.00666772   0.00283757
6639.674260  0.00527783   0.00283885
6639.674440  0.01010283   0.00283887
6639.674620  0.00495179   0.00283820
6639.674790  0.00867544   0.00283774
6639.674970  0.01300262   0.00283920
6639.675150  0.01024172   0.00283892
6639.675330  0.00492018   0.00283671
6639.678210  0.00834769   0.00283776
6639.678380  0.01205344   0.00283927
6639.678560  0.01693660   0.00284274
6639.678740  0.01108447   0.00283993
6639.678910  0.00903804   0.00284008
6639.679090  0.00857761   0.00284093
6639.679270  0.01328550   0.00284368
6639.679450  0.00546359   0.00284092
6639.679620  0.00748484   0.00284063
6639.679800  0.00891257   0.00284061
6639.679980  0.01216867   0.00284203
6639.680160  0.00998032   0.00284107
6639.680360  0.00838756   0.00283956
6639.680570  0.00862368   0.00284011
6639.680780  0.00895072   0.00284171
6639.680990  0.00476193   0.00283912
6639.681190  0.01115191   0.00284243
6639.681400  0.00714156   0.00283983
6639.681610  0.00699301   0.00284031
6639.681820  0.01307848   0.00284210
6639.682020  0.00729115   0.00284204
6639.682230  0.00561645   0.00284121
6639.682410  0.01125059   0.00284442
6639.682590  0.00812241   0.00284205
6639.682760  0.00154149   0.00284030
6639.682940  0.00616889   0.00284066
6639.683120  0.01402640   0.00284277
6639.683300  0.00412598   0.00284008
6639.683500  0.01566697   0.00284561
6639.683710  0.00281361   0.00284189
6639.683920  0.00757252   0.00284359
6639.684130  0.00918804   0.00284236
6639.684340  0.01006378   0.00284470
6639.684590  0.00988747   0.00284378
6639.684770  0.00268979   0.00284311
6639.684940  0.00668497   0.00284374
6639.685120  0.01194254   0.00284624
6639.685300  0.00641817   0.00284547
6639.685500  0.00867859   0.00284522
6639.685710  0.00802648   0.00284585
6639.685920  0.00455328   0.00284585
6639.686130  0.00705026   0.00284509
6639.686330  0.00904741   0.00284850
6639.686540  0.00434302   0.00284590
6639.686750  0.00182785   0.00284515
6639.686960  0.01053007   0.00284837
6639.687160  0.00427507   0.00284818
6639.687370  0.00245883   0.00284537
6639.687580  0.00602922   0.00284612
6639.687790  0.00393727   0.00284632
6639.690360  0.00621045   0.00285263
6639.690540  0.00950773   0.00285396
6639.690740  0.00827718   0.00285424
6639.690920  0.01094846   0.00285410
6639.691130  0.00702077   0.00285406
6639.691340  0.00844541   0.00285502
6639.691550  0.01015325   0.00285782
6639.691760  0.00798548   0.00285574
6639.692000  0.00726925   0.00285680
6639.692170  0.01145925   0.00285897
6639.692350  0.01309271   0.00285984
6639.692530  0.00756835   0.00285568
6639.692710  0.00876550   0.00285827
6639.692920  0.01264009   0.00285904
6639.693160  0.00617539   0.00285805
6639.693340  0.00800058   0.00285990
6639.693520  0.00578733   0.00285847
6639.693690  0.00969992   0.00285789
6639.693870 -0.00097456   0.00285461
6639.694050  0.00243085   0.00285757
6639.694220  0.01199708   0.00286092
6639.694400  0.00874880   0.00286170
6639.694580  0.00735065   0.00286117
6639.694760  0.00128043   0.00285743
6639.694970  0.01606791   0.00286579
6639.695180  0.00261591   0.00286132
6639.695390  0.01007667   0.00286533
6639.695560  0.00550605   0.00286328
6639.695740  0.01579592   0.00286655
6639.695920  0.00984907   0.00286655
6639.696100  0.00698248   0.00286365
6639.696270  0.01584643   0.00286874
6639.696450  0.00488970   0.00286575
6639.696630  0.01154964   0.00286779
6639.696810  0.01134121   0.00287006
6639.696980  0.00303748   0.00286746
6639.697160  0.00899013   0.00286821
6639.697340  0.00794444   0.00286930
6639.697520  0.01376750   0.00287073
6639.697700  0.00867128   0.00286878
6639.697870  0.01156615   0.00287147
6639.698050  0.00836702   0.00287301
6639.698230  0.00564399   0.00287114
6639.698410  0.01133938   0.00287356
6639.698590  0.00785266   0.00287367
6639.698760  0.00360576   0.00287169
6639.698940  0.00910562   0.00287285
6639.699120  0.00550222   0.00287377
6639.699290  0.00421612   0.00287408
6639.699470  0.00870606   0.00287423
6639.699660  0.01336528   0.00287733
6639.699840  0.01356064   0.00287953
6639.700010  0.00475884   0.00287890
6639.700190  0.00965622   0.00288063
6639.700370  0.01123359   0.00287912
6639.700540  0.00940754   0.00287886
6639.700720  0.00352612   0.00288058
6639.700900  0.00837010   0.00288190
6639.701080  0.00540819   0.00288190
6639.701260  0.00959118   0.00288189
6639.701440  0.00452262   0.00288215
6639.701610  0.00781008   0.00288421
6639.701790  0.00336408   0.00288427
6639.701970  0.01327956   0.00288540
6639.702150  0.00707605   0.00288375
6639.702330  0.00911783   0.00288650
6639.702500  0.00619469   0.00288635
6639.702680  0.00523340   0.00288593
6639.702860  0.01612637   0.00289001
6639.703040  0.00957898   0.00288890
6639.703210  0.00603989   0.00288783
6639.703390  0.00544545   0.00288869
6639.703570  0.00431759   0.00288856
6639.703750  0.01308490   0.00289332
6639.703920  0.00971013   0.00289123
6639.704130  0.00719309   0.00289173
6639.704310  0.00672455   0.00289209
6639.704490  0.01222190   0.00289544
6639.704670  0.00855867   0.00289556
6639.704850  0.00240300   0.00289260
6639.705030  0.00689085   0.00289689
6639.705200  0.00779574   0.00289619
6639.705380  0.00839458   0.00289642
6639.705560  0.00221986   0.00289414
6639.705740  0.00672340   0.00289698
6639.705920  0.00879795   0.00289952
6639.706100  0.00225508   0.00289899
6639.706280  0.01117110   0.00290240
6639.706450  0.00462975   0.00289941
6639.706630  0.00495383   0.00290037
6639.706810  0.00460826   0.00290176
6639.707020  0.00563965   0.00290215
6639.707220  0.00213042   0.00290091
6639.707430  0.00874300   0.00290456
6639.707640  0.00608101   0.00290626
6639.707840  0.00794212   0.00290690
6639.708050  0.00769761   0.00290709
6639.708260  0.00775371   0.00290814
6639.708440  0.01023004   0.00291012
6639.708620  0.00738089   0.00290998
6639.708790  0.00755547   0.00291041
6639.708970  0.01115223   0.00291067
6639.709180  0.00140856   0.00291100
6639.709390  0.01027916   0.00291539
6639.709570  0.00295891   0.00291205
6639.709740  0.00519675   0.00291419
6639.709920  0.00400219   0.00291605
6639.710100  0.00531727   0.00291611
6639.710310  0.01175362   0.00291855
6639.710510  0.00963702   0.00291812
6639.710690  0.01109311   0.00291878
6639.710870  0.00682166   0.00291880
6639.711050  0.00741701   0.00291961
6639.711220  0.00111016   0.00291941
6639.711400  0.00873932   0.00292181
6639.711580  0.00924597   0.00292317
6639.711750  0.00565181   0.00292351
6639.711930  0.00287405   0.00292309
6639.712110 -0.00051819   0.00292112
6639.712320  0.00692712   0.00292607
6639.712500  0.00590806   0.00292660
6639.712680  0.00521296   0.00292787
6639.712860  0.00229809   0.00292724
6639.713030  0.01056529   0.00293172
6639.713240  0.00750466   0.00293139
6639.713450  0.00447354   0.00292990
6639.713650  0.00691435   0.00293038
6639.713860  0.00161243   0.00293187
6639.714070  0.00575210   0.00293433
6639.714240  0.00994788   0.00293675
6639.714420  0.00081992   0.00293504
6639.714600  0.00372534   0.00293529
6639.714780  0.00089038   0.00293549
6639.714980  0.00695339   0.00293671
6639.715190  0.00605888   0.00293847
6639.715400  0.00550419   0.00293903
6639.715610 -0.00314708   0.00293925
6639.715810  0.00612418   0.00294207
6639.716020  0.00694135   0.00294244
6639.716230  0.00392044   0.00294458
6639.716440  0.00046514   0.00294413
6639.716650 -0.00010564   0.00294502
6639.716860  0.00103094   0.00294608
6639.717070  0.00017886   0.00294619
6639.717270  0.00226331   0.00294708
6639.717460  0.00111123   0.00294916
6639.717630 -0.00019823   0.00294839
6639.717810  0.00509340   0.00295127
6639.717990  0.00403880   0.00295228
6639.718160  0.00662739   0.00295347
6639.718350  0.00249258   0.00295494
6639.718520  0.00339947   0.00295477
6639.718700  0.00430826   0.00295632
6639.718880  0.00692439   0.00295695
6639.719060  0.00232729   0.00295653
6639.719270  0.00497170   0.00296007
6639.719480  0.00297068   0.00295962
6639.719680  0.00688931   0.00296452
6639.719890  0.00398143   0.00296432
6639.720300 -0.00100121   0.00296397
6639.720510  0.00240196   0.00296485
6639.720720  0.00111063   0.00296797
6639.720900 -0.00062138   0.00296866
6639.721080  0.00266880   0.00296707
6639.723660  0.00310554   0.00298744
6639.723840  0.00413558   0.00298599
6639.724050  0.00265905   0.00298886
6639.724230  0.00083583   0.00298852
6639.724410  0.00338352   0.00299193
6639.724590 -0.00390942   0.00299100
6639.724770  0.00396042   0.00299352
6639.724950 -0.00095816   0.00299332
6639.725120  0.01098710   0.00299883
6639.725300  0.00174371   0.00299683
6639.725480 -0.00186834   0.00299634
6639.725650 -0.00163172   0.00299877
6639.725830  0.00130490   0.00299961
6639.726010  0.00006353   0.00300351
6639.726190  0.00064383   0.00300391
6639.726360  0.00496596   0.00300560
6639.726540 -0.00037558   0.00300674
6639.726720  0.00648409   0.00300995
6639.726900  0.00389103   0.00301145
6639.727110 -0.00074236   0.00300949
6639.727290 -0.00293921   0.00301001
6639.727470  0.00083045   0.00301254
6639.727650  0.00406441   0.00301575
6639.727830  0.00108106   0.00301500
6639.728000 -0.00196284   0.00301476
6639.728180 -0.00537047   0.00301535
6639.728360 -0.00238731   0.00301814
6639.728540 -0.00197565   0.00301955
6639.728710  0.00508801   0.00302141
6639.728890 -0.00114836   0.00302185
6639.729070 -0.00034046   0.00302286
6639.729240 -0.00359284   0.00302304
6639.729420 -0.00177308   0.00302543
6639.729600  0.00293868   0.00302763
6639.729810  0.00224596   0.00302897
6639.730020  0.00669004   0.00303296
6639.730190  0.00154971   0.00303189
6639.730410  0.00448694   0.00303516
6639.730590 -0.00352114   0.00303364
6639.730770  0.00620131   0.00303838
6639.730950 -0.00345534   0.00303607
6639.731130  0.00179640   0.00304022
6639.731340  0.00223603   0.00304171
6639.731540  0.00108074   0.00304380
6639.731750  0.00021608   0.00304415
6639.731960 -0.00447725   0.00304577
6639.732170  0.00866421   0.00305190
6639.732370 -0.00073525   0.00305010
6639.732550  0.00234690   0.00305088
6639.732730 -0.00305473   0.00305175
6639.732900 -0.00519066   0.00305236
6639.733080  0.00514690   0.00305830
6639.733260  0.00338472   0.00305908
6639.733440  0.00492298   0.00305994
6639.733620 -0.00210615   0.00305915
6639.733790 -0.00195966   0.00306250
6639.733970 -0.00276894   0.00306412
6639.734150  0.00732340   0.00306747
6639.734330  0.00673340   0.00306898
6639.734500 -0.00752684   0.00306565
6639.734690  0.00339506   0.00307061
6639.734860 -0.00176246   0.00307117
6639.735070 -0.00735346   0.00307181
6639.735280  0.00044011   0.00307577
6639.735460  0.00333199   0.00307832
6639.735670 -0.00898904   0.00307784
6639.735850  0.00080050   0.00308053
6639.736030 -0.00287535   0.00308046
6639.736210  0.00675392   0.00308522
6639.736390  0.00182063   0.00308600
6639.736600 -0.00313255   0.00308586
6639.736770 -0.00796803   0.00308779
6639.736950 -0.00150728   0.00308894
6639.737130  0.00459106   0.00309285
6639.737310 -0.00653679   0.00309276
6639.737480 -0.00354372   0.00309473
6639.737690  0.00340467   0.00309786
6639.737900  0.00255789   0.00309767
6639.738110  0.00133160   0.00310045
6639.738310  0.00181091   0.00310295
6639.738520 -0.00329916   0.00310359
6639.738730 -0.00261874   0.00310541
6639.738910 -0.00043323   0.00310926
6639.739080 -0.00044569   0.00311122
6639.739300  0.00403015   0.00311342
6639.739480  0.00533219   0.00311531
6639.739650  0.00030581   0.00311553
6639.739830 -0.00083821   0.00311752
6639.740010  0.00095597   0.00312068
6639.740180  0.00637961   0.00312358
6639.740360  0.00577185   0.00312678
6639.740540 -0.00123114   0.00312524
6639.740720  0.00099616   0.00312918
6639.740900 -0.00246428   0.00312813
6639.741070  0.00578940   0.00313372
6639.741260 -0.00200796   0.00313020
6639.741430 -0.00299334   0.00313541
6639.741610  0.00540947   0.00313839
6639.741790 -0.00327971   0.00313811
6639.742000  0.00234747   0.00314234
6639.742210 -0.00128685   0.00314495
6639.742410  0.00206556   0.00314661
6639.742620 -0.00182447   0.00314744
6639.742870  0.00222709   0.00315273
6639.743050  0.00389978   0.00315181
6639.743220  0.00148035   0.00315487
6639.743400  0.00940803   0.00315991
6639.743580 -0.00354333   0.00315753
6639.743750 -0.00336817   0.00315820
6639.743960  0.00264347   0.00316274
6639.744170  0.00274131   0.00316528
6639.744350 -0.00638651   0.00316516
6639.744530  0.00094076   0.00316914
6639.744700 -0.00371247   0.00317192
6639.744880 -0.00815307   0.00317270
6639.745060  0.00761167   0.00317781
6639.745230  0.00377395   0.00317986
6639.745410 -0.00065306   0.00318025
6639.745590 -0.00067537   0.00318155
6639.745770 -0.00260580   0.00318265
6639.745940  0.00677327   0.00318656
6639.746150 -0.00365879   0.00318578
6639.746360  0.00223693   0.00319149
6639.746570  0.00015511   0.00319361
6639.746750 -0.00116076   0.00319598
6639.746920 -0.00042033   0.00319678
6639.747100  0.00292935   0.00320087
6639.747280 -0.00546483   0.00319890
6639.747450 -0.00095988   0.00320304
6639.747660  0.00249810   0.00320693
6639.747870 -0.00015392   0.00320887
6639.748080  0.00182096   0.00321416
6639.748290 -0.00127533   0.00321367
6639.748500  0.00202992   0.00321809
6639.748710  0.00184782   0.00321977
6639.748880 -0.00108181   0.00322344
6639.749100  0.00273021   0.00322591
6639.749280  0.00084964   0.00322741
6639.749460 -0.00544919   0.00322666
6639.749630  0.00164858   0.00323106
6639.749810  0.00020225   0.00323410
6639.749990  0.00027270   0.00323641
6639.750160 -0.00230326   0.00323799
6639.750340  0.00044608   0.00324105
6639.750520 -0.00276960   0.00324240
6639.750690 -0.00010038   0.00324701
6639.750870 -0.00106389   0.00324676
6639.751050  0.00243265   0.00325021
6639.751220  0.00477968   0.00325413
6639.751400 -0.00079981   0.00325606
6639.751580  0.00641740   0.00326201
6639.751760  0.00112302   0.00325865
6639.751970 -0.00009950   0.00326294
6639.752150  0.00008529   0.00326485
6639.752330  0.00631061   0.00326966
6639.752500  0.00196027   0.00327153
6639.752680  0.00075970   0.00327354
6639.752860 -0.00232988   0.00327592
6639.753070  0.00380846   0.00327944
6639.753280  0.00161447   0.00328205
6639.753480 -0.00406771   0.00328098
6639.753690  0.00250711   0.00328691
6639.753870 -0.00009813   0.00329019
6639.754050 -0.00347286   0.00329052
6639.754220  0.00099538   0.00329404
6639.754410 -0.00063533   0.00329549
6639.757060  0.00481150   0.00333691
6639.757230 -0.00763208   0.00333319
6639.757410 -0.00254086   0.00333777
6639.757590 -0.00597352   0.00333906
6639.757760  0.00793687   0.00334704
6639.757940  0.00192205   0.00335004
6639.758120 -0.00073195   0.00335074
6639.758290  0.00207917   0.00335680
6639.758620  0.00279180   0.00335941
6639.758820  0.00170390   0.00336400
6639.759000  0.00208236   0.00336617
6639.759230  0.00620215   0.00336914
6639.759410  0.00072401   0.00337039
6639.759590  0.00431321   0.00337326
6639.759770 -0.00243991   0.00337676
6639.759950  0.00091427   0.00338098
6639.760130 -0.00059528   0.00338266
6639.760340  0.00105112   0.00338482
6639.760590  0.00199319   0.00338905
6639.760770  0.00152103   0.00339231
6639.760950 -0.00166292   0.00339440
6639.761240 -0.00067303   0.00339947
6639.761420  0.00810131   0.00340703
6639.761600  0.00078218   0.00340702
6639.761770 -0.00288337   0.00340865
6639.761950 -0.00208414   0.00341279
6639.762160  0.00175003   0.00341737
6639.762370  0.00528719   0.00341924
6639.762550 -0.00169965   0.00342136
6639.762730  0.00807165   0.00342793
6639.762910 -0.00363717   0.00342676
6639.763090 -0.00280727   0.00343170
6639.763300 -0.00704816   0.00343240
6639.763490 -0.00205698   0.00343724
6639.763670 -0.00374356   0.00344049
6639.763850 -0.00058658   0.00344447
6639.764040  0.00055806   0.00344629
6639.764260 -0.00335300   0.00344999
6639.764440  0.00376915   0.00345490
6639.764620  0.00099293   0.00345787
6639.764800 -0.00766552   0.00345780
6639.764980  0.00028443   0.00346238
6639.765160 -0.00299829   0.00346555
6639.765340  0.00311592   0.00347064
6639.765520  0.00479077   0.00347626
6639.765700 -0.00307389   0.00347551
6639.765880 -0.00295852   0.00347940
6639.766050  0.00123810   0.00348350
6639.766240  0.00547044   0.00348865
6639.766420  0.00497955   0.00349048
6639.766600 -0.00462825   0.00349297
6639.766780  0.00619453   0.00349955
6639.766990 -0.00210859   0.00349987
6639.767200 -0.00545140   0.00350271
6639.767380 -0.00277550   0.00350805
6639.767560 -0.00277901   0.00351101
6639.767750 -0.00061432   0.00351486
6639.767930 -0.00094598   0.00351897
6639.768110  0.00394433   0.00352428
6639.768300 -0.00254619   0.00352413
6639.768520 -0.00115891   0.00353066
6639.768740  0.00363163   0.00353528
6639.768920 -0.00830251   0.00353586
6639.769100  0.00230003   0.00354187
6639.769280 -0.00100659   0.00354472
6639.769490  0.00148953   0.00355019
6639.769690 -0.00102725   0.00355226
6639.769900  0.00284958   0.00355724
6639.770110  0.00084124   0.00356104
6639.770290  0.00572495   0.00356800
6639.770500  0.00214580   0.00356856
6639.770680 -0.00231183   0.00356947
6639.770860  0.00038698   0.00357611
6639.771040  0.00881294   0.00358186
6639.771220  0.00820128   0.00358573
6639.771420 -0.00606636   0.00358441
6639.771670 -0.00489711   0.00359217
6639.771890 -0.00364653   0.00359665
6639.772060  0.00120578   0.00360168
6639.772240  0.00724022   0.00360725
6639.772460  0.00298262   0.00360959
6639.772640  0.00111906   0.00361387
6639.772820 -0.00144049   0.00361699
6639.773000 -0.00498036   0.00361898
6639.773180  0.00179956   0.00362415
6639.773360 -0.00310940   0.00362774
6639.773540 -0.00785967   0.00362871
6639.773720  0.00226213   0.00363681
6639.773900  0.00318814   0.00364040
6639.774070  0.00656015   0.00364652
6639.774250 -0.00011698   0.00364801
6639.774460 -0.00226868   0.00365222
6639.774660  0.00334348   0.00365761
6639.774870 -0.00343694   0.00365994
6639.775080 -0.00084206   0.00366651
6639.775330 -0.00875453   0.00367085
6639.775510 -0.00675229   0.00367484
6639.775680  0.00127001   0.00368039
6639.775860 -0.00328324   0.00368537
6639.776040  0.00130730   0.00369045
6639.776220  0.00566959   0.00369284
6639.776390 -0.00068819   0.00369630
6639.776570 -0.01006681   0.00369922
6639.776750 -0.00280934   0.00370329
6639.776930 -0.00632541   0.00370815
6639.777110 -0.00030999   0.00371383
6639.777290  0.00317840   0.00371843
6639.777460  0.00036797   0.00372379
6639.777640 -0.00131787   0.00372567
6639.777810  0.00871521   0.00373128
6639.777990  0.00201476   0.00373540
6639.778170 -0.00185122   0.00373767
6639.778390  0.00130088   0.00374557
6639.778570 -0.00853682   0.00374551
6639.778740  0.00907752   0.00375509
6639.778920 -0.00812867   0.00375584
6639.779100 -0.00931511   0.00375964
6639.779310 -0.00463770   0.00376721
6639.779480 -0.00143492   0.00377184
6639.779660 -0.00379208   0.00377413
6639.779840  0.00048784   0.00378327
6639.780020  0.00203669   0.00378555
6639.780200  0.00109972   0.00379019
6639.780370 -0.00605750   0.00379405
6639.780580  0.00880607   0.00380411
6639.780830 -0.00282133   0.00380562
6639.781010  0.00348330   0.00381282
6639.781200 -0.00495991   0.00381501
6639.781380 -0.00358526   0.00382215
6639.781590 -0.00421765   0.00382617
6639.781800  0.00231066   0.00383210
6639.781970  0.00197760   0.00383630
6639.782150 -0.00334456   0.00384115
6639.782340 -0.00765125   0.00384411
6639.782510  0.00403470   0.00385292
6639.782720 -0.00022856   0.00385751
6639.782930 -0.00247051   0.00386313
6639.783140  0.00737933   0.00387077
6639.783350  0.00604828   0.00387687
6639.783570 -0.00211198   0.00387949
6639.783790 -0.00406669   0.00388532
6639.784050 -0.00204266   0.00389372
6639.784270 -0.00732509   0.00389732
6639.784480 -0.00101488   0.00390742
6639.784700 -0.00098616   0.00391217
6639.784920 -0.00243794   0.00392017
6639.785150 -0.00601476   0.00392423
6639.785370 -0.00732092   0.00393138
6639.785580 -0.00602723   0.00393636
6639.785810 -0.00028652   0.00394472
6639.786060 -0.00707590   0.00395120
6639.786280 -0.00687210   0.00395701
6639.786500 -0.00537057   0.00396502
6639.786710  0.00396949   0.00397267
6639.786930 -0.00809825   0.00397544
6639.787150  0.00277069   0.00398536
6639.787370 -0.00479929   0.00398989
6639.787590  0.00117723   0.00399788
6639.787800 -0.00031971   0.00400469
6639.790600  0.01183258   0.00409795
6639.790820  0.00340039   0.00410028
6639.791030 -0.00233514   0.00410779
6639.791250 -0.00427017   0.00411410
6639.791470  0.00464669   0.00412411
6639.791690 -0.00245583   0.00412824
6639.791870  0.00396857   0.00413656
6639.792040  0.00068152   0.00414188
6639.792220 -0.00651035   0.00414580
6639.792400 -0.00065830   0.00415489
6639.792580  0.00696326   0.00416004
6639.792760  0.00197418   0.00416744
6639.792940  0.00014357   0.00417261
6639.793110 -0.00047795   0.00417880
6639.793300 -0.00171886   0.00418353
6639.793480  0.00204122   0.00419223
6639.793650  0.00121762   0.00419783
6639.793830  0.00516532   0.00420578
6639.794010 -0.00745128   0.00420738
6639.794180 -0.00086110   0.00421738
6639.794540  0.00076539   0.00422914
6639.794720 -0.00170864   0.00423711
6639.794890 -0.00496358   0.00424154
6639.795080  0.00133167   0.00424932
6639.795290 -0.00360002   0.00425553
6639.795470  0.00227397   0.00426257
6639.795650 -0.00584753   0.00426844
6639.795820  0.00445956   0.00427695
6639.796000 -0.00059962   0.00428233
6639.796180 -0.00296488   0.00428871
6639.796350 -0.00119663   0.00429591
6639.796530  0.00219883   0.00430247
6639.796710 -0.00342995   0.00430875
6639.796890  0.00234354   0.00431778
6639.797070  0.00584261   0.00432514
6639.797420  0.00030802   0.00433538
6639.797600 -0.00435650   0.00434131
6639.797780 -0.00042778   0.00434932
6639.797980 -0.00046061   0.00435603
6639.798190 -0.00217885   0.00436626
6639.798400 -0.00063126   0.00437353
6639.798610 -0.00746628   0.00437975
6639.798790  0.00363626   0.00439096
6639.798960 -0.00124046   0.00439639
6639.799140 -0.00125437   0.00440235
6639.799320  0.00498874   0.00441293
6639.799500  0.00739553   0.00442174
6639.799720  0.00057658   0.00442770
6639.799900 -0.00335692   0.00443535
6639.800080 -0.00898062   0.00444124
6639.800260  0.00475462   0.00445160
