# From https://academic.oup.com/mnras/article/426/1/739/1011213#17865253
# WASP number, BJD-2400000, RV (km/s), rverr
#
47 55328.9147 -27.199 0.010 -0.050
47 55384.9303 -26.943 0.015 -0.056
47 55389.7034 -27.008 0.010 -0.074
47 55390.7133 -27.186 0.011 -0.041
47 55391.8362 -27.142 0.008 -0.044
47 55392.6807 -26.980 0.009 -0.019
47 55396.7987 -26.954 0.010 -0.041
47 55403.6889 -27.201 0.009 -0.080
47 55408.6869 -27.107 0.015 -0.064
47 55409.6504 -26.959 0.009 -0.032
47 55450.5481 -27.054 0.012 -0.077
47 55454.7270 -27.055 0.009 -0.029
47 55782.7653 -27.121 0.011 -0.061
47 55795.7802 -27.003 0.011 -0.040
47 55809.5958 -26.937 0.011 -0.065
47 55885.5702 -27.170 0.016 -0.049
47 55886.5550 -27.153 0.014 -0.026
47 55887.6093 -26.937 0.013 -0.007
47 55888.5579 -26.941 0.011 -0.029
55 55591.7843  -4.414 0.020  0.036
55 55593.8655  -4.238 0.012 -0.003
55 55595.8370  -4.375 0.014 -0.005
55 55596.7857  -4.352 0.013  0.019
55 55598.7838  -4.287 0.012 -0.021
55 55599.8011  -4.360 0.019 -0.039
55 55602.8371  -4.243 0.013 -0.022
55 55604.8196  -4.377 0.013 -0.000
55 55605.7954  -4.368 0.013 -0.028
55 55607.7461  -4.275 0.014 -0.047
55 55623.7577  -4.356 0.017  0.006
55 55624.7801  -4.262 0.014 -0.020
55 55625.6823  -4.264 0.014 -0.009
55 55629.8416  -4.271 0.013 -0.033
55 55635.7567  -4.367 0.021  0.050
55 55637.7936  -4.308 0.024 -0.097
55 55665.5870  -4.240 0.014  0.006
55 55675.8082  -4.384 0.016 -0.040
55 55679.7306  -4.333 0.014 -0.013
55 55764.5358  -4.290 0.015  0.044
61 55570.7149  18.857 0.041  0.099
61 55615.6221  19.218 0.039  0.009
61 55629.5093  18.790 0.046 -0.054
61 55649.5172  18.985 0.045  0.080
61 55650.5243  19.168 0.048 -0.020
61 55802.8748  18.721 0.056 -0.120
61 55806.8968  18.758 0.039  0.038
61 55809.8327  18.748 0.049  0.132
61 55810.8849  18.772 0.045  0.017
61 55811.8571  19.108 0.050  0.140
61 55813.8869  18.810 0.057 -0.004
61 55814.9060  18.891 0.050  0.106
61 55815.8979  19.172 0.049  0.148
61 55839.8379  19.172 0.046 -0.024
61 55868.8371  18.923 0.038 -0.015
62 55651.4898  15.039 0.009  0.043
62 55675.4985  14.921 0.010  0.022
62 55676.4710  14.963 0.009 -0.006
62 55677.4992  15.023 0.009 -0.005
62 55678.4947  14.985 0.010  0.030
62 55681.4724  15.017 0.010  0.035
62 55682.4765  15.032 0.010 -0.038
62 55683.4807  14.963 0.010  0.020
62 55684.4733  14.899 0.009  0.054
62 55685.4723  14.969 0.011  0.066
62 55692.4975  14.953 0.013 -0.013
62 55693.4947  14.928 0.010  0.005
62 55809.8571  15.027 0.012  0.033
62 55810.9091  14.979 0.011  0.042
62 55811.8813  14.922 0.015  0.026
62 55815.8730  14.924 0.010  0.061
62 55836.8736  14.998 0.010  0.050
62 55839.8625  14.957 0.010 -0.003
62 55840.8861  15.017 0.010  0.024
62 55850.8434  14.981 0.011  0.065
62 55864.8453  14.910 0.009  0.012
62 55881.8528  14.979 0.010 -0.041
62 55888.6963  14.991 0.011  0.012
62 55889.6691  15.056 0.010  0.059
62 56021.5148  15.039 0.012  0.048
63 55598.7288 -23.771 0.006 -0.026
63 55649.4954 -23.679 0.007 -0.022
63 55651.5371 -23.768 0.007 -0.011
63 55670.5213 -23.705 0.006 -0.030
63 55675.5315 -23.682 0.007 -0.040
63 55676.4936 -23.733 0.006  0.003
63 55677.5218 -23.747 0.007 -0.021
63 55678.5172 -23.752 0.007 -0.018
63 55679.5209 -23.690 0.006 -0.023
63 55681.5178 -23.756 0.007 -0.026
63 55682.4989 -23.750 0.008 -0.030
63 55683.5030 -23.703 0.007 -0.020
63 55684.4956 -23.695 0.007 -0.020
63 55685.5179 -23.727 0.007 -0.017
63 55695.4660 -23.762 0.007 -0.017
63 55802.8982 -23.687 0.009 -0.013
63 55805.8813 -23.692 0.007 -0.016
63 55836.8931 -23.694 0.010 -0.015
63 55858.8607 -23.671 0.011 -0.013
63 55869.8341 -23.754 0.006 -0.022
63 55895.6363 -23.713 0.007 -0.024
63 55966.7350 -23.752 0.007  0.021
63 56021.5498 -23.683 0.008 -0.019
66 55572.7155  -9.813 0.048  0.131
66 55623.6364 -10.250 0.059 -0.019
66 55627.7156 -10.267 0.050 -0.163
66 55628.7858 -10.085 0.057 -0.170
66 55629.7107  -9.824 0.043 -0.096
66 55632.6904 -10.097 0.061 -0.148
66 55635.6818 -10.222 0.048 -0.192
66 55643.5642 -10.162 0.051 -0.257
66 55644.6746 -10.177 0.043 -0.135
66 55646.7038  -9.877 0.049 -0.195
66 55647.5623 -10.186 0.038 -0.322
66 55648.6521 -10.214 0.033 -0.307
66 55649.5716  -9.913 0.041 -0.240
66 55650.6813  -9.968 0.048  0.292
66 55651.5910 -10.089 0.095 -0.311
66 55674.6304  -9.794 0.034 -0.310
66 55675.5760  -9.867 0.034 -0.331
66 55676.5274 -10.254 0.033 -0.179
66 55677.6348 -10.115 0.037 -0.196
66 55679.6014  -9.941 0.030 -0.043
66 55680.6394 -10.276 0.041 -0.108
66 55681.6674 -10.126 0.036 -0.250
66 55682.5584  -9.736 0.035 -0.152
66 55683.6124  -9.905 0.033  0.055
66 55684.5982 -10.210 0.038 -0.223
66 55707.5410  -9.731 0.035 -0.257
66 55711.5280  -9.799 0.048 -0.229
66 55722.4965 -10.153 0.046 -0.232
66 55958.7274 -10.388 0.044  0.012
66 56000.6947  -9.983 0.045 -0.115
67 55765.7296  -0.610 0.013  0.028
67 55767.7027  -0.507 0.015  0.019
67 55768.6736  -0.544 0.011  0.027
67 55769.6850  -0.613 0.011  0.030
67 55770.7119  -0.610 0.013 -0.015
67 55777.7996  -0.511 0.014  0.029
67 55793.5324  -0.605 0.017 -0.017
67 55794.5285  -0.548 0.017  0.017
67 55795.5247  -0.528 0.014  0.020
67 55798.5058  -0.586 0.026 -0.006
67 55803.5145  -0.567 0.018 -0.052
67 55804.5425  -0.495 0.013 -0.009
67 55805.4867  -0.532 0.012  0.010
67 55806.6210  -0.600 0.015  0.001
67 55807.6815  -0.607 0.014  0.018
67 55819.5305  -0.540 0.010  0.017
67 55820.5790  -0.626 0.010 -0.004
67 55826.5015  -0.570 0.014 -0.026
67 55851.5050  -0.548 0.013 -0.009
