# From https://www.aanda.org/articles/aa/full/2004/04/aa0091/aa0091.html
# --------------------------------------------------------------------------------
#   Bytes Format Units   Label     Explanations
#--------------------------------------------------------------------------------
#   1- 12 F12.4  d       BJD       Barycentric Julian date
#  14- 20 F7.3   km/s    RV        Barycentric radial velocity (1)
#  22- 26 F5.3   km/s  e_RV        Full RV uncertainty
#      28 I1     --      Instr     [1,2] Instrument (1: ELODIE, CORALIE: CORALIE)
2450681.5277 -14.785 0.010 ELODIE
2451027.5410 -14.698 0.011 ELODIE
2451027.5536 -14.693 0.009 ELODIE
2451056.5149 -14.669 0.009 ELODIE
2451087.4110 -14.709 0.010 ELODIE
2451123.3979 -14.657 0.011 ELODIE
2451154.2311 -14.729 0.013 ELODIE
2451156.2253 -14.796 0.010 ELODIE
2451158.2311 -14.688 0.011 ELODIE
2451352.5871 -14.657 0.011 ELODIE
2451353.5859 -14.775 0.010 ELODIE
2451354.5890 -14.785 0.012 ELODIE
2451355.8437 -14.651 0.007 CORALIE
2451355.8558 -14.668 0.007 CORALIE
2451359.5930 -14.669 0.012 ELODIE
2451360.5691 -14.747 0.014 ELODIE
2451361.5706 -14.802 0.009 ELODIE
2451362.5887 -14.676 0.009 ELODIE
2451364.8366 -14.829 0.009 CORALIE
2451364.8486 -14.828 0.009 CORALIE
2451365.8340 -14.717 0.010 CORALIE
2451365.8461 -14.707 0.011 CORALIE
2451366.8404 -14.660 0.008 CORALIE
2451366.8525 -14.679 0.008 CORALIE
2451367.8624 -14.808 0.014 CORALIE
2451374.8575 -14.771 0.013 CORALIE
2451374.8696 -14.780 0.011 CORALIE
2451380.8071 -14.639 0.011 CORALIE
2451380.8192 -14.663 0.012 CORALIE
2451381.7834 -14.778 0.009 CORALIE
2451381.7955 -14.773 0.009 CORALIE
2451382.8006 -14.801 0.012 CORALIE
2451382.8127 -14.802 0.010 CORALIE
2451383.7875 -14.661 0.010 CORALIE
2451383.7996 -14.668 0.011 CORALIE
2451384.7819 -14.660 0.011 CORALIE
2451384.7940 -14.683 0.010 CORALIE
2451385.7766 -14.813 0.009 CORALIE
2451385.7887 -14.798 0.009 CORALIE
2451386.7759 -14.748 0.009 CORALIE
2451386.7880 -14.733 0.009 CORALIE
2451389.7840 -14.805 0.011 CORALIE
2451389.7962 -14.790 0.011 CORALIE
2451390.5201 -14.711 0.012 ELODIE
2451390.7577 -14.670 0.009 CORALIE
2451390.7699 -14.683 0.009 CORALIE
2451391.5672 -14.657 0.011 ELODIE
2451391.7565 -14.708 0.008 CORALIE
2451391.7686 -14.710 0.008 CORALIE
2451392.4756 -14.795 0.011 ELODIE
2451392.7450 -14.803 0.008 CORALIE
2451392.7570 -14.829 0.007 CORALIE
2451393.7613 -14.730 0.009 CORALIE
2451393.7733 -14.729 0.009 CORALIE
2451394.7549 -14.662 0.009 CORALIE
2451394.7669 -14.654 0.010 CORALIE
2451395.7982 -14.736 0.009 CORALIE
2451395.8102 -14.756 0.011 CORALIE
2451398.8272 -14.682 0.014 CORALIE
2451399.7885 -14.845 0.012 CORALIE
2451400.8082 -14.752 0.013 CORALIE
2451401.7520 -14.612 0.013 CORALIE
2451402.8258 -14.723 0.011 CORALIE
2451403.7459 -14.821 0.010 CORALIE
2451408.7452 -14.636 0.009 CORALIE
2451408.7572 -14.658 0.008 CORALIE
2451408.7693 -14.656 0.009 CORALIE
2451417.4861 -14.828 0.011 ELODIE
2451417.7047 -14.828 0.007 CORALIE
2451417.7168 -14.841 0.007 CORALIE
2451418.7495 -14.690 0.012 CORALIE
2451418.7617 -14.765 0.015 CORALIE
2451421.4733 -14.814 0.010 ELODIE
2451421.4859 -14.787 0.010 ELODIE
2451423.4669 -14.694 0.009 ELODIE
2451423.4794 -14.697 0.010 ELODIE
2451431.7135 -14.824 0.009 CORALIE
2451432.7029 -14.757 0.012 CORALIE
2451433.6656 -14.657 0.008 CORALIE
2451435.6140 -14.819 0.012 CORALIE
2451437.6359 -14.708 0.013 CORALIE
2451438.4516 -14.817 0.009 ELODIE
2451438.6645 -14.831 0.007 CORALIE
2451438.6767 -14.836 0.007 CORALIE
2451439.6512 -14.761 0.010 CORALIE
2451439.6844 -14.750 0.008 CORALIE
2451443.6590 -14.702 0.010 CORALIE
2451443.6707 -14.699 0.010 CORALIE
2451447.6494 -14.632 0.013 CORALIE
2451447.6610 -14.660 0.013 CORALIE
2451459.6419 -14.821 0.013 CORALIE
2451459.6535 -14.801 0.015 CORALIE
2451463.5660 -14.847 0.012 CORALIE
2451463.5776 -14.825 0.011 CORALIE
2451464.5462 -14.696 0.009 CORALIE
2451464.5578 -14.716 0.009 CORALIE
2451465.6143 -14.666 0.011 CORALIE
2451465.6259 -14.704 0.012 CORALIE
2451466.3832 -14.815 0.009 ELODIE
2451467.3576 -14.810 0.010 ELODIE
2451480.5902 -14.817 0.013 CORALIE
2451481.5278 -14.801 0.009 CORALIE
2451484.5885 -14.837 0.013 CORALIE
2451484.6001 -14.859 0.012 CORALIE
2451487.5223 -14.774 0.011 CORALIE
2451487.5339 -14.793 0.011 CORALIE
2451488.5157 -14.793 0.012 CORALIE
2451488.5273 -14.857 0.010 CORALIE
2451494.5431 -14.786 0.010 CORALIE
2451497.5287 -14.714 0.010 CORALIE
2451497.5454 -14.700 0.007 CORALIE
2451497.5620 -14.733 0.012 CORALIE
2451497.5736 -14.684 0.013 CORALIE
2451497.5852 -14.709 0.015 CORALIE
2451507.3474 -14.661 0.011 ELODIE
2451782.7688 -14.648 0.011 CORALIE
2451782.7807 -14.668 0.011 CORALIE
2451783.6224 -14.806 0.011 CORALIE
2451784.6762 -14.790 0.013 CORALIE
2451785.6117 -14.689 0.012 CORALIE
2451785.6234 -14.637 0.011 CORALIE
2451786.6927 -14.723 0.008 CORALIE
2451786.7044 -14.713 0.008 CORALIE
2451789.7117 -14.667 0.007 CORALIE
2451790.6460 -14.776 0.010 CORALIE
2451791.6388 -14.809 0.009 CORALIE
2451793.6381 -14.697 0.014 CORALIE
2451795.5976 -14.761 0.012 CORALIE
2451843.6175 -14.798 0.009 CORALIE
2451843.6293 -14.811 0.010 CORALIE
2451861.5082 -14.819 0.011 CORALIE
2451861.5200 -14.830 0.010 CORALIE
2451862.5061 -14.763 0.011 CORALIE
2451862.5179 -14.753 0.009 CORALIE
2451863.5144 -14.669 0.013 CORALIE
2451863.5261 -14.635 0.013 CORALIE
2451864.5240 -14.789 0.013 CORALIE
2451865.5384 -14.791 0.014 CORALIE
2451868.5136 -14.819 0.010 CORALIE
2451868.5254 -14.811 0.011 CORALIE
2451872.5226 -14.774 0.015 CORALIE
2451872.5345 -14.804 0.014 CORALIE
2452075.5938 -14.685 0.009 ELODIE
2452111.5440 -14.815 0.012 ELODIE
2452111.5590 -14.800 0.012 ELODIE
2452112.5550 -14.779 0.009 ELODIE
2452115.5635 -14.830 0.010 ELODIE
2452116.5826 -14.709 0.010 ELODIE
2452117.5110 -14.664 0.010 ELODIE
2452129.7178 -14.806 0.010 CORALIE
2452130.7201 -14.693 0.007 CORALIE
2452130.7318 -14.705 0.007 CORALIE
2452140.7224 -14.798 0.013 CORALIE
2452140.7341 -14.780 0.011 CORALIE
2452142.7380 -14.727 0.007 CORALIE
2452143.7272 -14.816 0.007 CORALIE
2452143.7379 -14.834 0.009 CORALIE
2452150.6862 -14.816 0.007 CORALIE
2452150.6980 -14.820 0.008 CORALIE
2452158.4978 -14.763 0.014 ELODIE
2452158.5107 -14.737 0.014 ELODIE
2452159.5570 -14.658 0.011 ELODIE
2452161.3581 -14.802 0.014 ELODIE
2452161.6786 -14.820 0.012 CORALIE
2452162.6817 -14.694 0.006 CORALIE
2452164.4136 -14.778 0.012 ELODIE
2452165.6634 -14.752 0.014 CORALIE
2452166.6748 -14.665 0.010 CORALIE
2452168.6273 -14.839 0.008 CORALIE
2452169.6752 -14.677 0.010 CORALIE
2452170.6661 -14.698 0.010 CORALIE
2452171.6347 -14.819 0.009 CORALIE
2452172.6419 -14.766 0.007 CORALIE
2452173.6323 -14.645 0.007 CORALIE
2452175.6530 -14.837 0.009 CORALIE
2452177.6713 -14.707 0.009 CORALIE
2452178.6212 -14.800 0.014 CORALIE
2452184.6321 -14.669 0.007 CORALIE
2452184.6437 -14.675 0.008 CORALIE
2452217.3981 -14.818 0.012 ELODIE
2452218.3558 -14.779 0.010 ELODIE
2452247.2769 -14.692 0.013 ELODIE
2452439.9316 -14.825 0.009 CORALIE
2452439.9435 -14.800 0.010 CORALIE
2452532.4656 -14.722 0.013 ELODIE
2452561.2874 -14.698 0.012 ELODIE
2452565.3698 -14.713 0.014 ELODIE
