2457667.35364083|1.000037|0.000109|+0.137704|-1.074348|-1.055101|+04.764594|1.231946|-07.740564
2457667.35449670|0.998412|0.000109|-0.416332|-1.812935|-0.853453|+06.263001|1.230446|-08.075164
2457667.35473952|0.999240|0.000109|-0.393152|-0.838280|-1.090394|+05.382069|1.230027|-08.171187
2457667.35498277|1.002263|0.000109|+0.127456|-1.112038|-1.229866|+04.121208|1.229613|-08.267636
2457667.35522734|1.001469|0.000109|-0.542657|-1.061668|-1.235033|+04.527092|1.229201|-08.365333
2457667.35547057|1.000397|0.000109|+0.072715|-0.908867|-0.913059|+04.681896|1.228794|-08.462598
2457667.35571554|0.999872|0.000109|-0.075645|-1.814796|-0.774213|+05.473362|1.228370|-08.561247
2457667.35595954|1.000316|0.000109|+0.112074|-1.008705|+0.144687|+08.312193|1.227968|-08.659005
2457667.35620277|0.998985|0.000109|+0.903511|-1.105843|+0.528324|+07.977641|1.227571|-08.757405
2457667.35644775|1.000606|0.000109|+0.326659|-1.303596|-0.912078|+04.890889|1.227176|-08.856987
2457667.35669096|0.999820|0.000109|+0.133273|-2.774635|-0.648330|+06.315023|1.226784|-08.956097
2457667.35693594|1.000518|0.000109|-0.737653|-0.749443|-0.882222|+05.114119|1.226394|-09.056434
2457667.35718070|1.000490|0.000109|-0.108578|-1.660484|-0.826523|+05.884784|1.226011|-09.157238
2457667.35742508|1.000744|0.000109|-0.324199|-0.831596|-1.032857|+04.682142|1.225628|-09.258337
2457667.35766832|1.001194|0.000109|-0.446930|-1.028297|-1.185162|+04.324187|1.225249|-09.358844
2457667.35791330|0.999436|0.000109|-0.456170|-1.614662|-0.770530|+05.580296|1.224874|-09.459832
2457667.35815631|1.000009|0.000109|-0.484330|-1.636940|-0.648918|+06.386306|1.224503|-09.561126
2457667.35839953|1.000394|0.000109|+0.679898|-1.341042|-0.737813|+05.443003|1.224132|-09.663696
2457667.35864257|0.999991|0.000109|-0.484112|-1.411064|-0.184317|+08.108978|1.223767|-09.765777
2457667.35888756|1.000112|0.000109|-0.398054|-1.985405|-0.520268|+07.861670|1.223387|-09.868160
2457667.35913252|0.999689|0.000109|+1.336363|-2.371361|-0.033917|+06.170804|1.223029|-09.971964
2457667.35937574|0.999377|0.000109|-0.766005|-1.066673|-0.923469|+05.092168|1.222672|-10.075046
2457667.35961879|1.000663|0.000109|+2.115447|-1.308601|+0.189206|+06.431119|1.222319|-10.178594
2457667.35986374|1.000378|0.000109|+0.627861|-1.457741|-0.546511|+05.783969|1.221969|-10.283180
2457667.36035368|1.001593|0.000110|-1.367542|-2.048409|-0.057226|+09.482081|1.221280|-10.494162
2457667.36059673|1.000301|0.000109|+0.175850|-2.026161|-0.147901|+07.326104|1.220940|-10.599120
2457667.36083977|1.000891|0.000110|+2.210420|-1.854591|+1.224659|+09.947492|1.220604|-10.704421
2457667.36108262|1.000125|0.000109|+0.703190|-0.714897|-0.394381|+06.431469|1.220270|-10.810074
2457667.36132567|0.999913|0.000109|-0.117030|-1.623543|-0.457010|+06.641973|1.219940|-10.916180
2457667.36157005|1.000607|0.000109|-0.639641|-1.270729|-0.663256|+06.321892|1.219612|-11.022596
2457667.36181310|0.999766|0.000109|+0.798493|-1.804375|-0.653965|+06.123399|1.219288|-11.129352
2457667.36205595|1.000997|0.000109|-0.645386|-0.949043|-0.413504|+06.484367|1.218967|-11.236536
2457667.36229898|1.000994|0.000110|+0.874731|-0.763908|+0.967952|+09.644803|1.218649|-11.344059
2457667.36254416|0.999484|0.000109|-1.136385|-1.759499|-0.432210|+07.598980|1.218318|-11.452833
2457667.36278951|0.999729|0.000109|+1.520017|-1.213234|+1.012455|+09.797936|1.218008|-11.562079
2457667.36303408|1.001066|0.000110|+0.019458|-0.582176|+0.873807|+10.690914|1.217700|-11.671884
2457667.36327713|1.000232|0.000109|-1.985472|-1.232338|-0.045259|+08.280235|1.217396|-11.780750
2457667.36352035|1.000926|0.000110|-0.641159|-1.890129|-0.141265|+08.856855|1.217095|-11.890201
2457667.36376552|1.000811|0.000109|-0.594901|-1.382683|-0.933545|+05.296916|1.216794|-12.000776
2457667.36400874|1.000337|0.000109|+0.023612|-2.267982|-0.206893|+07.344550|1.216500|-12.110829
2457667.36425371|1.000685|0.000109|-0.413382|-0.522972|-0.242042|+07.836712|1.216206|-12.222203
2457667.36450042|1.001121|0.000110|-0.573348|-2.508812|+0.843620|+09.444417|1.215904|-12.334080
2457667.36474539|0.999533|0.000109|-0.107833|-1.435249|-0.133446|+08.278147|1.215616|-12.446029
2457667.36498841|1.000950|0.000109|-0.559885|-2.199547|-0.525579|+06.699857|1.215334|-12.557454
2457667.36523163|1.000298|0.000109|+0.570009|-1.639610|-0.230316|+06.627794|1.215054|-12.669137
2457667.36547697|1.001774|0.000110|+1.156290|-2.458824|+1.566520|+10.411192|1.214779|-12.782313
2457667.36572233|1.000876|0.000109|-1.020415|-0.710487|-0.936996|+05.497701|1.214503|-12.895712
2457667.36596691|1.001308|0.000109|+0.153465|-2.045830|-0.306517|+07.625118|1.214234|-13.009773
2457667.36620995|1.001027|0.000109|+0.307819|-1.248878|-0.547332|+06.139975|1.213966|-13.122940
2457667.36645532|1.001160|0.000109|-1.067454|-0.660271|-0.867009|+05.953384|1.213690|-13.237457
2457667.36669833|1.000054|0.000109|+1.243608|-2.396080|+0.297829|+08.000206|1.213429|-13.351255
2457667.36694118|1.001123|0.000110|+0.886397|-0.153053|+1.087462|+09.132303|1.213169|-13.465334
2457667.36718614|1.001339|0.000110|+1.188572|-1.967094|+2.452116|+09.163709|1.212915|-13.581010
2457667.36743250|1.000644|0.000109|+0.289017|-1.905739|-0.692859|+05.555310|1.212664|-13.697041
2457667.36767686|1.000852|0.000109|+0.357987|-1.145134|-0.593693|+05.426004|1.212416|-13.813281
2457667.36792223|1.000370|0.000109|-0.004502|-1.843605|-0.818861|+05.577070|1.212170|-13.929919
2457667.36816544|1.001646|0.000109|-0.429320|-1.078438|-0.924401|+04.754478|1.211927|-14.045721
2457667.36840849|1.000257|0.000109|+0.849527|-1.255196|-0.907484|+04.699425|1.211688|-14.161967
2457667.36865385|1.000620|0.000109|+0.357002|-1.140175|-0.451209|+06.088206|1.211453|-14.279372
2457667.36889920|1.000452|0.000109|+0.167916|-0.801460|-0.103527|+07.313880|1.211208|-14.397284
2457667.36914360|1.001342|0.000109|+0.526440|-0.896263|-0.810574|+05.278773|1.210977|-14.514482
2457667.36938682|1.002091|0.000109|-0.122829|-1.858818|-1.276336|+04.062361|1.210750|-14.631994
2457667.36963008|1.003185|0.000109|-0.296239|-0.879387|-1.195456|+03.754883|1.210527|-14.750939
2457667.36987505|1.000927|0.000109|-0.822392|-1.173073|-1.020121|+05.258311|1.210305|-14.869099
2457667.37011827|1.001337|0.000109|+0.220537|-1.555351|-0.765483|+05.379792|1.210088|-14.987683
2457667.37036114|1.001924|0.000109|-0.364699|-1.531364|-1.185404|+04.473736|1.209873|-15.106376
2457667.37060571|1.000506|0.000109|-0.125370|-0.859184|-0.760503|+06.568407|1.209661|-15.226611
2457667.37084874|1.000703|0.000109|-0.641467|-0.933968|-0.586941|+06.847263|1.209452|-15.346127
2457667.37109431|1.001297|0.000109|+0.796711|-1.822563|-0.523085|+04.911997|1.209247|-15.467071
2457667.37133732|1.002012|0.000109|-0.516101|-1.358971|-1.169938|+04.186862|1.209044|-15.587129
2457667.37158036|1.000623|0.000109|+1.758723|-1.596306|-0.124322|+06.516820|1.208845|-15.707564
2457667.37182551|1.000644|0.000109|+0.263382|-0.759834|-0.342417|+06.071755|1.208640|-15.829384
2457667.37207028|1.000400|0.000109|-0.195320|-1.001991|+0.410534|+09.039596|1.208446|-15.951670
2457667.37231352|1.000408|0.000109|-0.099930|-1.668724|-0.757261|+06.489105|1.208255|-16.072981
2457667.37255907|0.999701|0.000109|+0.348016|-1.527916|-0.963490|+05.211352|1.208068|-16.195780
2457667.37280228|1.000105|0.000109|+0.756251|-1.087685|-0.241816|+05.644211|1.207884|-16.317837
2457667.37304783|1.001062|0.000109|-1.208520|-1.210381|-1.135905|+05.247790|1.207702|-16.441274
2457667.37329105|1.001121|0.000109|+0.437461|-1.715263|-0.768808|+05.429116|1.207524|-16.564022
2457667.37353427|0.999944|0.000109|+0.811769|-2.831535|-0.215922|+06.497320|1.207349|-16.686906
2457667.37377945|1.000653|0.000109|+0.363370|-1.145851|-0.429882|+05.775435|1.207176|-16.811246
2457667.37402267|1.001920|0.000109|-1.077229|-1.356133|-1.326074|+04.480724|1.207006|-16.934772
2457667.37426571|0.999698|0.000109|+0.183050|-1.496269|-0.594219|+06.018372|1.206840|-17.058791
2457667.37450856|1.000314|0.000109|+0.436230|-1.531776|-0.765938|+05.288545|1.206679|-17.182962
2457667.37475371|1.000559|0.000109|-0.485457|-1.612617|-0.813690|+05.566292|1.206510|-17.308547
2457667.37499946|1.001404|0.000109|+0.007803|-1.295158|-1.039623|+04.928849|1.206354|-17.434478
2457667.37524229|1.000567|0.000109|-0.117465|-1.381523|-0.572097|+06.133706|1.206201|-17.559475
2457667.37548784|1.000410|0.000109|+0.183070|-1.509544|-0.772932|+05.562236|1.206049|-17.686125
2457667.37573089|1.000544|0.000109|+0.903320|-1.704796|-0.827510|+05.178028|1.205901|-17.811789
2457667.37597392|1.000241|0.000109|-0.570740|-2.318489|-1.201061|+05.380967|1.205756|-17.937752
2457667.37621832|0.999818|0.000109|+0.228488|-0.814034|-0.528272|+05.922319|1.205613|-18.064919
2457667.37646155|1.001032|0.000109|-0.070175|-1.692085|-0.650759|+06.004534|1.205474|-18.191462
2457667.37670459|1.000307|0.000109|+0.227343|-1.911964|-0.567423|+06.261864|1.205339|-18.318282
2457667.37694765|1.000190|0.000109|+1.125415|-1.780495|-0.193256|+06.091394|1.205206|-18.445447
2457667.37719050|1.000070|0.000109|-0.236989|-1.562416|-0.948607|+04.870343|1.205075|-18.572783
2457667.37743353|1.001336|0.000109|-0.034467|-1.318245|-0.751171|+05.059566|1.204948|-18.700255
2457667.37767677|1.001024|0.000109|+0.485704|-1.247368|-0.949368|+04.649979|1.204824|-18.828151
2457667.37791981|1.000367|0.000109|+0.463633|-0.951698|-0.500383|+05.530819|1.204702|-18.956309
2457667.37816303|1.000638|0.000109|-0.166622|-2.032890|-0.158005|+07.398157|1.204584|-19.084841
2457667.37840608|0.999564|0.000109|-0.692755|-1.526253|-0.751714|+06.507725|1.204468|-19.213632
2457667.37865143|0.999854|0.000109|+0.106162|-1.496666|-0.754629|+05.674470|1.204357|-19.343932
2457667.37889466|1.001322|0.000109|+0.304938|-0.975471|-0.718609|+05.335345|1.204247|-19.473241
2457667.37914004|1.000815|0.000109|+0.752401|-0.685783|-0.530987|+05.630531|1.204136|-19.604121
2457667.37938324|1.000995|0.000109|+0.008539|-1.185371|-0.897704|+05.169580|1.204033|-19.734008
2457667.37962647|1.000575|0.000109|+0.092939|-1.717751|-0.688450|+04.941933|1.203933|-19.864159
2457667.37986953|1.000885|0.000109|+0.857918|-1.193535|-0.703783|+05.352015|1.203835|-19.994590
2457667.38011447|1.000022|0.000109|+0.686424|-1.293434|-0.393057|+06.685349|1.203741|-20.126415
2457667.38035769|1.001448|0.000109|+0.027532|-0.830330|-1.158700|+04.252410|1.203650|-20.257414
2457667.38060326|1.000648|0.000109|+0.100730|-1.703987|-1.088467|+05.214493|1.203562|-20.389958
2457667.38084627|1.000579|0.000109|-0.499288|-0.863716|-0.724574|+06.129539|1.203476|-20.521352
2457667.38108930|1.001431|0.000109|-0.302580|-1.349052|-0.853888|+04.832393|1.203395|-20.653156
2457667.38133233|1.001318|0.000109|+0.099717|-1.539497|-1.016411|+04.393636|1.203315|-20.785146
2457667.38157518|1.000256|0.000109|-0.061556|-1.563484|-0.589382|+06.612778|1.203238|-20.917491
2457667.38181840|1.000887|0.000109|+0.164700|-1.353188|-0.689818|+05.582574|1.203165|-21.049936
2457667.38206145|1.000534|0.000109|+0.195248|-1.183067|-0.788073|+05.006178|1.203094|-21.182724
2457667.38230467|1.000628|0.000109|+1.173800|-1.397102|+0.498063|+07.607371|1.203027|-21.315753
2457667.38254790|1.000131|0.000109|-0.488519|-1.834953|-0.864102|+06.220650|1.202962|-21.449129
2457667.38279095|1.000577|0.000109|+0.229276|-1.808525|-0.810642|+05.021695|1.202900|-21.582637
2457667.38303633|0.999882|0.000109|-0.111507|-1.363518|-0.692432|+06.253498|1.202841|-21.717637
2457667.38327935|0.998952|0.000109|-0.262686|-1.957253|-0.495494|+06.893385|1.202785|-21.851699
2457667.38352491|0.999381|0.000109|-1.611973|+0.267738|-0.741939|+06.182466|1.202732|-21.988335
2457667.38376813|0.998483|0.000109|-0.242196|-1.495125|-0.748081|+06.005137|1.202683|-22.123094
2457667.38401233|0.999829|0.000109|-1.342484|-2.586830|-0.580187|+08.537345|1.202633|-22.257913
2457667.38425810|1.000084|0.000109|+0.938693|-2.195839|+0.660928|+07.998427|1.202591|-22.394179
2457667.38450365|1.000162|0.000109|+0.487871|-1.961861|+1.044984|+08.875038|1.202548|-22.530667
2457667.38474686|0.999395|0.000109|-0.760064|-0.759071|-0.729362|+05.982076|1.202511|-22.666073
2457667.38499184|0.999865|0.000109|-0.124054|-0.469154|-0.797171|+06.246736|1.202476|-22.803009
2457667.38523469|0.999642|0.000109|+0.678494|-1.944389|+0.139757|+07.747994|1.202446|-22.939026
2457667.38548237|0.999477|0.000109|-0.275680|-0.603355|-0.451743|+06.136063|1.202414|-23.077678
2457667.38572792|0.999254|0.000109|-0.204735|-0.626366|-0.359862|+06.619699|1.202388|-23.215476
2457667.38597094|0.997976|0.000109|+0.102540|-3.047081|-0.186133|+07.740764|1.202365|-23.352046
2457667.38621398|0.998833|0.000109|-0.995932|-1.128929|-0.162350|+08.340367|1.202344|-23.488618
2457667.38645722|0.999427|0.000109|+0.552039|-0.759895|-0.063602|+07.511084|1.202328|-23.625550
2457667.38670068|1.001178|0.000110|+2.730219|-2.627586|+1.617436|+10.515625|1.202313|-23.764308
2457667.38694522|1.000137|0.000109|+0.150853|-0.019798|+0.711056|+09.008442|1.202300|-23.901714
2457667.38718844|0.999856|0.000109|+0.052064|-1.442970|+0.464708|+09.116933|1.202294|-24.039530
2457667.38743147|1.000769|0.000109|+0.663423|-0.921898|+0.548561|+08.528838|1.202289|-24.177548
2457667.38767451|0.999502|0.000109|+0.592938|-1.268227|+0.059650|+06.963448|1.202287|-24.315652
2457667.38791754|0.998476|0.000109|+0.072269|-2.451347|+0.382697|+08.432112|1.202288|-24.454067
2457667.38816581|1.000644|0.000109|-0.200456|-1.524956|+0.179286|+08.912925|1.202291|-24.596581
2457667.38841056|0.998567|0.000109|+0.091087|-0.406197|-0.316664|+07.282888|1.202297|-24.735279
2457667.38865359|0.999867|0.000110|-0.436621|-2.077736|+0.607328|+09.853476|1.202307|-24.874276
2457667.38889683|0.999236|0.000109|-1.567369|-1.033089|-0.731066|+06.680648|1.202319|-25.013520
2457667.38913986|0.999659|0.000110|+0.700989|-0.103508|+1.005304|+09.961074|1.202336|-25.153023
2457667.38938290|0.998500|0.000109|-0.316756|-2.273201|-0.327796|+08.042979|1.202354|-25.292502
2457667.38962844|0.999603|0.000110|-0.084012|-1.521919|+1.162622|+09.483898|1.202375|-25.434988
2457667.38987166|0.999153|0.000109|+1.331654|+0.394966|+1.860576|+09.493694|1.202399|-25.574832
2457667.39011451|0.999258|0.000110|-1.645751|-1.831642|+0.579608|+10.816972|1.202425|-25.715177
2457667.39035776|0.995817|0.000109|-0.686335|-2.074409|-0.226393|+08.402404|1.202456|-25.855609
2457667.39060078|0.999613|0.000109|+0.015754|-0.724419|+1.161059|+10.049607|1.202489|-25.996180
2457667.39084655|0.997215|0.000109|-0.136570|-1.206169|+0.434677|+09.985453|1.202525|-26.138215
2457667.39109132|0.994284|0.000109|+0.388881|-2.055367|+1.274769|+10.476210|1.202566|-26.280692
2457667.39133454|0.996342|0.000109|+0.634070|-2.128899|+0.203877|+07.801226|1.202608|-26.421827
2457667.39157759|0.998289|0.000110|-1.128806|-2.458946|+0.502990|+11.204937|1.202654|-26.563212
2457667.39182083|0.998219|0.000110|-0.828784|-3.314613|+1.045699|+12.113934|1.202701|-26.704782
2457667.39206367|1.000410|0.000110|+2.698205|-1.398506|+2.211281|+12.069084|1.202752|-26.846343
2457667.39230693|0.997049|0.000109|+1.171711|-1.169106|+0.679901|+08.656649|1.202805|-26.988273
2457667.39255228|0.997321|0.000109|-1.224783|-1.461311|+0.210831|+10.875869|1.202861|-27.131662
2457667.39279764|0.996107|0.000109|+0.846451|-0.105904|+1.431327|+09.473088|1.202925|-27.275217
2457667.39304066|0.993454|0.000109|-0.383185|-1.611336|-0.391923|+08.328198|1.202987|-27.417737
2457667.39328370|0.996286|0.000109|-0.295949|-1.040062|-0.122604|+07.411324|1.203054|-27.560346
2457667.39352674|0.994576|0.000109|-0.524255|-1.785515|-0.215186|+08.166173|1.203122|-27.703137
2457667.39377424|0.996828|0.000109|+0.676650|-1.138741|+1.305514|+09.935129|1.203194|-27.848761
2457667.39401959|0.997378|0.000110|-0.488749|-1.227913|+1.617845|+11.113839|1.203270|-27.993475
2457667.39426279|0.991837|0.000109|+0.153827|-1.796776|+0.766436|+09.675909|1.203347|-28.136552
2457667.39450583|0.995707|0.000109|-1.001737|-0.835594|+0.986128|+09.956620|1.203428|-28.280073
2457667.39475137|0.994810|0.000109|+1.353764|-2.039513|+2.559554|+10.570319|1.203517|-28.425003
2457667.39499422|0.993940|0.000109|+1.018331|-1.109016|+1.186123|+09.817813|1.203597|-28.568697
2457667.39523899|0.995539|0.000110|-0.691223|-0.572639|+0.691880|+11.646669|1.203690|-28.712067
2457667.39548473|0.994020|0.000109|+0.072647|-1.888191|+0.856235|+10.570946|1.203784|-28.859086
2457667.39573066|0.991880|0.000108|-1.119208|-0.216103|+0.066482|+08.731353|1.203879|-29.004621
2457667.39597368|0.994944|0.000110|+0.399297|-1.081718|+3.408455|+11.873518|1.203978|-29.148767
2457667.39621690|0.992500|0.000109|-0.719940|-1.139366|+0.163993|+09.538820|1.204080|-29.293501
2457667.39646225|0.991040|0.000109|-0.683691|-1.164452|+0.419071|+09.779977|1.204186|-29.439715
2457667.39670935|0.992304|0.000109|-0.043526|-2.600090|+0.030528|+07.778817|1.204300|-29.587211
2457667.39695412|0.994155|0.000109|+1.791557|-0.657494|+1.654158|+11.131782|1.204409|-29.731976
2457667.39719734|0.991138|0.000108|+0.381669|+0.352806|+0.568565|+08.535441|1.204522|-29.878383
2457667.39744330|0.990927|0.000109|+1.446158|-2.498360|+1.483889|+11.645907|1.204640|-30.025149
2457667.39768632|0.991213|0.000109|-0.321691|-1.650276|+0.117949|+10.900791|1.204758|-30.170382
2457667.39792917|0.989913|0.000108|+0.377756|-1.528999|+0.133209|+07.845956|1.204881|-30.315989
2457667.39817472|0.990602|0.000108|-0.226167|-1.718727|-0.253727|+07.579970|1.205006|-30.462948
2457667.39842026|0.991202|0.000109|+0.816023|-1.355598|+1.143812|+09.844683|1.205140|-30.610031
2457667.39866602|0.991212|0.000109|+1.702872|-1.764748|+1.677905|+09.875200|1.205273|-30.757313
2457667.39890905|0.990314|0.000108|-0.128634|-1.183479|-0.359115|+07.875199|1.205406|-30.903546
2457667.39915209|0.989133|0.000108|-0.334428|-2.093483|-0.203619|+08.690452|1.205545|-31.049737
2457667.39939822|0.991229|0.000108|-0.513059|-0.933495|-0.120226|+08.461716|1.205686|-31.197371
2457667.39964126|0.990308|0.000109|+1.501947|-2.932945|+1.515297|+11.902812|1.205830|-31.343664
2457667.39988603|0.988294|0.000108|+0.575122|-1.354790|+0.409084|+07.304581|1.205975|-31.491483
2457667.40012928|0.989179|0.000108|+0.986379|+0.254280|-0.038739|+08.012458|1.206125|-31.638252
2457667.40037231|0.988787|0.000108|+0.430118|-2.016365|+0.683936|+09.440233|1.206277|-31.785056
2457667.40061787|0.987582|0.000108|-0.315770|-1.494102|-0.238513|+08.357662|1.206433|-31.933350
2457667.40086091|0.988024|0.000108|-0.473154|-2.404274|+0.037147|+09.339356|1.206592|-32.080369
2457667.40110703|0.987702|0.000108|-1.252175|-1.722130|-0.422961|+07.482053|1.206761|-32.230278
2457667.40135472|0.988428|0.000108|+1.531424|-1.610023|+0.801280|+07.571553|1.206927|-32.380251
2457667.40159794|0.986033|0.000108|+0.574929|-2.068169|-0.058020|+07.265649|1.207094|-32.527549
2457667.40184096|0.988096|0.000108|-0.039731|-2.541481|-0.138985|+07.746681|1.207265|-32.675028
2457667.40208651|0.987340|0.000108|+0.112242|-1.634468|-0.186696|+07.143202|1.207439|-32.823898
2457667.40232955|0.986407|0.000108|+0.710447|-0.832558|-0.100572|+07.156648|1.207615|-32.971527
2457667.40257277|0.987463|0.000108|+1.403953|-1.269997|-0.376516|+05.683138|1.207795|-33.119160
2457667.40281754|0.986639|0.000108|+1.662458|-1.958870|+1.026069|+08.082673|1.207978|-33.268531
2457667.40306057|0.985674|0.000108|-0.369036|-1.128105|+0.532700|+08.016678|1.208162|-33.416372
2457667.40330613|0.984693|0.000108|-0.275155|-1.523643|-0.139968|+08.104624|1.208362|-33.565939
2457667.40354954|0.986339|0.000108|+0.215033|-1.319374|+0.501656|+09.306616|1.208554|-33.714068
2457667.40379277|0.984961|0.000108|-0.577691|-0.812645|-0.169690|+08.150515|1.208748|-33.862316
2457667.40403580|0.986027|0.000108|-1.070763|-2.358696|-0.002640|+08.954096|1.208947|-34.010686
2457667.40427922|0.986162|0.000109|+0.344375|-1.103477|+1.119754|+09.719587|1.209146|-34.158816
2457667.40452497|0.986016|0.000108|-0.637658|-0.564201|+1.075970|+09.870026|1.209351|-34.308457
2457667.40476819|0.985163|0.000108|+0.125908|-0.990547|+0.039156|+07.619526|1.209559|-34.457006
2457667.40501104|0.985527|0.000108|-0.470990|-1.647041|-0.048082|+09.871803|1.209769|-34.605852
2457667.40525697|0.984890|0.000108|-0.817652|-0.994942|+0.523762|+09.676807|1.209983|-34.757375
2457667.40550232|0.983672|0.000108|-1.229308|-1.679802|-0.219679|+07.389397|1.210199|-34.907606
2457667.40574535|0.984771|0.000108|-0.781917|-1.963844|-0.209377|+08.096968|1.210419|-35.056402
2457667.40599112|0.985304|0.000108|+0.858033|-1.281807|+0.090542|+07.028969|1.210652|-35.206864
2457667.40623453|0.983942|0.000108|-0.936272|-1.815834|-0.225348|+07.433444|1.210878|-35.355810
2457667.40647777|0.985135|0.000108|+0.475648|-0.991432|-0.195101|+06.511791|1.211106|-35.504915
2457667.40672352|0.983936|0.000108|+0.380960|-1.090233|-0.338209|+07.432015|1.211339|-35.655484
2457667.40697120|0.984622|0.000108|-2.382944|-1.260078|-0.047588|+08.888553|1.211572|-35.807660
2457667.40721422|0.984611|0.000108|+0.822519|+0.053596|+0.026747|+07.909513|1.211811|-35.956817
2457667.40745726|0.985180|0.000108|+0.771351|-2.753181|+0.637830|+09.727375|1.212052|-36.106271
2457667.40770301|0.983675|0.000108|-0.136143|-1.766823|+0.392779|+09.345816|1.212307|-36.257275
2457667.40794625|0.983464|0.000108|+0.572704|-1.750145|+0.855495|+08.439462|1.212555|-36.406792
2457667.40819161|0.984038|0.000108|+0.677508|-1.110481|+0.486399|+08.586892|1.212806|-36.557653
2457667.40844045|0.984436|0.000108|-0.688065|-0.955223|-0.028134|+09.345655|1.213059|-36.711566
2457667.40868540|0.984163|0.000108|-0.198601|-0.833992|-0.506317|+07.755497|1.213327|-36.862639
2457667.40892843|0.983843|0.000108|-0.486909|-0.951500|-0.413423|+07.091228|1.213587|-37.012413
2457667.40917185|0.984478|0.000108|-0.312242|-1.414146|-0.027309|+08.016604|1.213850|-37.162229
2457667.40941489|0.984511|0.000108|-0.287757|-1.614082|-0.479176|+06.573404|1.214116|-37.312064
2457667.40965793|0.983674|0.000107|+0.104632|-1.460930|-0.534207|+06.090989|1.214385|-37.461914
2457667.40990367|0.982601|0.000107|-0.097391|-1.624199|-0.442266|+06.598249|1.214657|-37.613360
2457667.41014942|0.984133|0.000107|-2.402369|-0.691032|-0.395407|+06.276349|1.214937|-37.764417
2457667.41039515|0.982555|0.000107|+0.410831|-1.646767|-0.214354|+06.740015|1.215220|-37.915462
2457667.41063991|0.983482|0.000108|-1.365358|-1.227821|-0.403049|+06.872850|1.215502|-38.066926
2457667.41088274|0.983677|0.000108|+0.983877|-0.374794|+0.626013|+07.963879|1.215786|-38.216895
2457667.41112887|0.982896|0.000107|-0.275206|-1.676781|-0.344479|+06.385316|1.216088|-38.368565
2457667.41137364|0.983137|0.000108|-0.696403|-1.173164|+0.227302|+07.535412|1.216379|-38.520157
2457667.41161958|0.983701|0.000108|+0.525987|-0.932686|+0.489565|+06.610979|1.216673|-38.671776
2457667.41186551|0.983790|0.000108|-0.317160|-0.604713|-0.062776|+06.877521|1.216969|-38.824956
2457667.41210853|0.984536|0.000108|-1.680832|-0.524635|-0.245611|+07.170672|1.217271|-38.975351
2457667.41235138|0.982772|0.000107|-0.541190|-0.973991|-0.407167|+06.287130|1.217575|-39.125651
2457667.41259460|0.985178|0.000108|+0.520649|-1.375526|+1.687168|+08.279440|1.217882|-39.276070
2457667.41283978|0.983167|0.000108|-0.118806|-2.014473|+0.102885|+07.798737|1.218193|-39.428003
2457667.41308280|0.982416|0.000107|-0.491514|-0.571114|-0.471961|+06.000360|1.218504|-39.578292
2457667.41332875|0.984767|0.000109|+2.272333|+0.173180|+2.894573|+11.627225|1.218836|-39.730231
2457667.41357179|0.984371|0.000108|-0.082600|-0.727760|-0.076742|+06.752460|1.219155|-39.880702
2457667.41381501|0.983052|0.000107|-0.374718|-1.237679|-0.454061|+05.805761|1.219478|-40.031223
2457667.41406115|0.982514|0.000108|-0.370173|-0.875603|-0.255283|+06.914018|1.219804|-40.182851
2457667.41430922|0.984029|0.000108|-0.535527|-0.864693|-0.441698|+06.809663|1.220133|-40.336397
2457667.41455476|0.983338|0.000108|+1.171788|-1.615944|+0.190365|+06.156199|1.220482|-40.489773
2457667.41480051|0.982427|0.000108|+0.354240|-1.359108|-0.179535|+06.951387|1.220816|-40.641815
2457667.41504333|0.982519|0.000108|-1.557519|-0.451073|-0.154688|+08.220899|1.221154|-40.792335
2457667.41528658|0.982662|0.000108|-0.459963|-2.385307|+0.351266|+08.005687|1.221498|-40.943159
2457667.41552961|0.982550|0.000108|+0.473253|-2.525810|+0.550170|+07.436916|1.221843|-41.093758
2457667.41577789|0.982181|0.000107|-0.688320|-2.783714|-0.525654|+05.755967|1.222191|-41.247353
2457667.41602072|0.981958|0.000107|+0.118093|-2.076164|-0.109982|+06.285012|1.222542|-41.397917
2457667.41626395|0.982272|0.000107|+0.672270|-1.514687|-0.107354|+05.363571|1.222897|-41.548470
2457667.41650699|0.983265|0.000108|-1.133524|-1.540611|-0.536283|+06.010791|1.223255|-41.699350
2457667.41675003|0.983301|0.000108|+0.355536|-3.001564|-0.141505|+06.139484|1.223615|-41.849831
2457667.41699325|0.983354|0.000108|+0.503730|-1.549873|-0.487386|+06.183064|1.223980|-42.000541
2457667.41723630|0.983186|0.000108|-0.088563|-1.359749|-0.627606|+05.968006|1.224347|-42.151254
2457667.41747952|0.984660|0.000108|-0.322197|-2.146996|-0.251151|+07.178119|1.224718|-42.301953
2457667.41772467|0.983321|0.000108|-0.535950|-1.461601|-0.426536|+06.425565|1.225109|-42.454117
2457667.41796771|0.983827|0.000108|+0.116287|-0.851433|-0.253633|+06.076155|1.225488|-42.604786
2457667.41821094|0.982906|0.000108|+0.563320|-1.494087|-0.549368|+05.736780|1.225868|-42.755417
2457667.41845648|0.982947|0.000108|-0.104342|-2.122948|-0.277094|+07.130723|1.226252|-42.907451
2457667.41869971|0.982625|0.000108|-0.752357|-1.500633|-0.432391|+06.034448|1.226639|-43.058159
2457667.41894293|0.982902|0.000108|-0.002254|-0.738518|-0.269188|+06.013406|1.227029|-43.208843
2457667.41918597|0.981889|0.000108|+0.428129|-2.420113|-0.021139|+07.542729|1.227424|-43.359548
2457667.41943191|0.984419|0.000108|-1.384151|-0.977806|-0.077937|+08.773675|1.227820|-43.513067
2457667.41967842|0.981769|0.000108|-0.392080|-1.643562|+0.027168|+07.148118|1.228220|-43.664964
2457667.41992144|0.983525|0.000108|-0.220519|-0.991005|+0.004041|+06.535612|1.228624|-43.815553
2457667.42016448|0.982814|0.000108|+0.155516|-0.839958|+0.099189|+06.809796|1.229030|-43.966237
2457667.42041060|0.982619|0.000108|-0.688722|-2.057335|-0.120424|+07.693595|1.229460|-44.119743
2457667.42065364|0.982755|0.000108|+0.305129|-0.911232|+0.157541|+07.655539|1.229874|-44.270221
2457667.42089668|0.981718|0.000107|-0.792865|-0.640526|+0.027389|+06.609763|1.230289|-44.420797
2457667.42114184|0.980147|0.000107|-0.044570|-0.562309|+0.177585|+07.524045|1.230709|-44.571308
2457667.42138818|0.982565|0.000108|-0.806294|-1.412331|+0.075796|+07.390374|1.231132|-44.724775
2457667.42163140|0.982656|0.000108|-0.251460|-1.801201|-0.012447|+06.707210|1.231560|-44.875173
2457667.42187754|0.981275|0.000108|+0.547612|-1.156425|+0.284968|+06.555104|1.231990|-45.027052
2457667.42212307|0.981444|0.000108|-0.120588|-1.595406|+0.011631|+07.444808|1.232444|-45.179082
2457667.42236921|0.982329|0.000108|-0.640534|-2.706169|-0.117565|+08.573546|1.232881|-45.332312
2457667.42261456|0.982507|0.000108|+0.752195|-2.025398|+0.416618|+08.194791|1.233321|-45.483977
2457667.42285761|0.982777|0.000108|+1.187794|-0.384972|+0.447873|+06.852150|1.233765|-45.634421
2457667.42310064|0.983286|0.000108|+0.113583|-0.312309|-0.147738|+06.394557|1.234211|-45.784731
2457667.42334369|0.983491|0.000108|+2.037113|-0.666161|+0.855589|+08.236395|1.234661|-45.934621
2457667.42358981|0.983630|0.000108|-0.179381|-0.650887|+0.330531|+06.716108|1.235115|-46.086327
2457667.42383286|0.980416|0.000108|+0.904124|-1.916481|+1.599922|+09.571397|1.235572|-46.236573
2457667.42407609|0.981935|0.000108|-0.017370|-0.987282|+1.011116|+07.681561|1.236032|-46.386779
2457667.42432204|0.981776|0.000108|-0.543864|-0.752693|-0.448721|+06.606905|1.236518|-46.538382
2457667.42456506|0.983692|0.000108|+0.169642|-0.391243|+0.061585|+06.261315|1.236985|-46.688537
2457667.42481119|0.981344|0.000108|+0.313148|-1.047310|+0.150886|+07.293455|1.237456|-46.841488
2457667.42505423|0.982121|0.000108|-0.153347|+0.312279|+0.154226|+08.111081|1.237929|-46.991549
2457667.42529976|0.984247|0.000108|+1.070159|+0.535194|+0.365447|+07.879184|1.238408|-47.143023
2457667.42554280|0.980224|0.000108|+0.083665|+0.057701|+0.360270|+08.118048|1.238888|-47.293003
2457667.42578583|0.981930|0.000108|-1.076792|+0.011482|+0.943223|+08.994993|1.239373|-47.442944
2457667.42602907|0.979673|0.000108|-1.087962|+0.220512|-0.057084|+08.241445|1.239860|-47.592860
2457667.42627480|0.983339|0.000108|-0.275818|+1.510902|+0.627143|+07.241295|1.240352|-47.744118
2457667.42651802|0.981456|0.000108|-0.037312|+0.443565|+1.836844|+09.812387|1.240846|-47.893938
2457667.42676126|0.980928|0.000108|-0.493806|-0.016243|-0.128974|+07.264018|1.241344|-48.043698
2457667.42700429|0.983423|0.000108|-0.380301|+0.433907|+0.097745|+07.236823|1.241846|-48.193412
2457667.42724964|0.981013|0.000108|-0.586795|+0.613838|+0.225776|+08.331534|1.242375|-48.344510
2457667.42820559|0.983021|0.000108|-2.483059|+1.432304|+0.018767|+09.702385|1.244381|-48.932752
2457667.42845152|0.982036|0.000108|-2.230708|+1.210320|-0.596353|+06.977473|1.244903|-49.083587
2457667.42869455|0.983103|0.000108|-0.121048|+0.973808|-0.192877|+07.575677|1.245429|-49.232949
2457667.42897848|0.982188|0.000108|-1.288044|+1.545143|-0.266867|+07.183359|1.246059|-49.407870
2457667.42922230|0.982664|0.000108|+0.732518|+2.440331|+0.477275|+06.802402|1.246593|-49.557101
2457667.42994544|0.983233|0.000108|-0.513029|+2.104561|-0.250327|+07.963794|1.248214|-50.001670
2457667.43042786|0.981455|0.000108|-0.075767|+0.796638|-0.007791|+06.813342|1.249287|-50.296814
2457667.43067497|0.982297|0.000108|+0.471481|+0.952431|+0.327492|+07.527247|1.249869|-50.448620
2457667.43133521|0.981650|0.000108|-0.250013|-0.835915|-0.225865|+07.155792|1.251393|-50.852482
2457667.43157904|0.980720|0.000107|-0.336507|+0.961708|-0.371623|+07.496717|1.251959|-51.002565
2457667.43182265|0.981201|0.000107|-0.766481|+0.429924|-0.351716|+06.375911|1.252533|-51.151124
2457667.43206666|0.983971|0.000108|+0.862162|+0.839394|+0.132473|+06.324519|1.253107|-51.299530
2457667.43231279|0.981643|0.000108|-1.565990|+1.195229|-0.058175|+08.666976|1.253686|-51.451007
2457667.43255679|0.982557|0.000108|-0.434719|+1.144508|+0.511971|+07.657677|1.254268|-51.598985
2457667.43280001|0.982275|0.000108|-0.917957|+1.363823|-0.137583|+07.129986|1.254855|-51.747285
2457667.43304305|0.982001|0.000108|+0.277753|+0.305977|+0.171445|+07.661320|1.255443|-51.895521
2457667.43328608|0.980130|0.000108|-1.111967|+0.493355|+0.125880|+08.325363|1.256036|-52.043663
2457667.43353106|0.981799|0.000108|+0.351539|+0.920006|+1.485576|+07.680367|1.256633|-52.193289
2457667.43377408|0.981810|0.000108|-0.549545|+0.141045|+0.043884|+07.530576|1.257234|-52.341392
2457667.43401712|0.982170|0.000109|+0.568140|+1.034996|+1.892667|+10.281634|1.257838|-52.489288
2457667.43426208|0.981978|0.000108|-0.310695|+0.310387|+0.071833|+07.954202|1.258475|-52.638675
2457667.43450493|0.982536|0.000108|-0.836789|+0.042290|+0.274791|+07.671099|1.259058|-52.786408
2457667.43474930|0.980446|0.000108|-0.515933|+0.170067|-0.303157|+07.267178|1.259702|-52.934186
2457667.43499254|0.981357|0.000108|-1.022427|-0.015297|-0.303543|+07.066895|1.260322|-53.081819
2457667.43523576|0.981750|0.000108|+0.080210|+0.720177|+0.014568|+06.376468|1.260944|-53.230774
2457667.43547879|0.982220|0.000108|-0.798730|+0.851311|-0.174484|+05.984905|1.261570|-53.378352
2457667.43572377|0.981754|0.000108|-1.084898|+1.048363|-0.220148|+07.016253|1.262201|-53.525719
2457667.43596931|0.981551|0.000108|+0.626596|+0.848244|-0.108080|+07.526877|1.262836|-53.674462
2457667.43621351|0.981137|0.000108|+0.797499|+0.298119|+0.836483|+09.580244|1.263473|-53.823102
2457667.43645673|0.982800|0.000108|+1.523822|+1.207176|+1.165565|+07.543993|1.264115|-53.970423
2457667.43670230|0.980683|0.000107|+0.052113|+0.369133|+0.310796|+07.965792|1.264760|-54.119073
2457667.43694534|0.981577|0.000108|+0.392736|+1.536705|+0.232494|+07.876426|1.265409|-54.266034
2457667.43718857|0.982323|0.000108|+0.553148|-0.011482|+0.183694|+06.969085|1.266062|-54.412994
2457667.43743180|0.983297|0.000108|-0.197658|+1.394768|-0.269614|+06.885756|1.266719|-54.559800
2457667.43767505|0.980358|0.000107|-0.013906|+0.694588|+0.253563|+06.848099|1.267380|-54.706644
2457667.43792060|0.983752|0.000108|+0.025500|+1.092918|+0.576696|+08.172475|1.268075|-54.854745
2457667.43816382|0.981441|0.000108|+0.346877|+0.449989|+0.831926|+07.785435|1.268744|-55.002887
2457667.43840707|0.982545|0.000108|-1.030783|+1.303993|-0.231166|+07.318461|1.269416|-55.149304
2457667.43865242|0.982206|0.000108|-0.598909|+0.850883|+0.263799|+07.436893|1.270092|-55.297123
2457667.43889933|0.983066|0.000108|-0.291713|+2.262703|-0.005304|+07.409055|1.270771|-55.444815
2457667.43914468|0.981285|0.000108|+0.288922|+0.565392|-0.151041|+06.377949|1.271456|-55.592415
2457667.43938772|0.980782|0.000108|-0.024651|-0.166283|-0.076364|+06.882918|1.272142|-55.738529
2457667.43963325|0.980034|0.000107|+0.539280|+0.882744|-0.069006|+06.694215|1.272867|-55.886001
2457667.43987648|0.982312|0.000108|-0.526608|+1.838921|-0.041820|+07.806979|1.273563|-56.032042
2457667.44011952|0.982464|0.000108|-0.202682|+0.885979|+0.147581|+08.058887|1.274263|-56.178018
2457667.44036411|0.982177|0.000108|+0.766107|+0.299629|+0.212922|+06.564743|1.274967|-56.325180
2457667.44060751|0.984201|0.000108|-0.321795|+2.021614|-0.541935|+06.513141|1.275672|-56.470862
2457667.44085074|0.981439|0.000108|-0.144151|+1.262230|+0.136912|+06.852204|1.276384|-56.616514
2457667.44109378|0.981745|0.000108|+1.134814|-0.293922|+0.734086|+08.453622|1.277100|-56.761692
2457667.44133720|0.980963|0.000108|-0.806752|+1.900581|-0.404837|+06.659423|1.277818|-56.908534
2457667.44158003|0.981654|0.000108|+0.057334|+0.265221|-0.251755|+06.232838|1.278541|-57.052418
2457667.44182328|0.982195|0.000108|-0.654087|+1.064384|-0.283972|+07.133536|1.279267|-57.199134
2457667.44206864|0.980256|0.000108|+0.190733|+1.174080|-0.065477|+07.412524|1.279997|-57.345637
2457667.44231184|0.981555|0.000108|+0.553578|-0.529472|-0.262459|+06.300173|1.280733|-57.490734
2457667.44255487|0.981225|0.000108|-0.041015|-0.023964|+0.220564|+07.346444|1.281472|-57.635665
2457667.44280025|0.982329|0.000108|-0.273833|+0.571251|-0.401421|+06.503716|1.282215|-57.782003
2457667.44304481|0.982034|0.000108|-0.549530|+1.441826|-0.234420|+06.405429|1.282962|-57.926766
2457667.44328784|0.981281|0.000108|-0.700683|+0.658012|-0.244358|+07.338699|1.283713|-58.071447
2457667.44353341|0.981327|0.000108|-0.094512|+1.542076|-0.004730|+05.976436|1.284504|-58.217287
2457667.44377913|0.980690|0.000108|-1.331220|+1.100365|-0.374162|+06.291316|1.285263|-58.364569
2457667.44402218|0.982491|0.000108|+0.098424|+1.335487|-0.099268|+06.801949|1.286026|-58.508979
2457667.44426541|0.982539|0.000108|+0.217866|+1.738762|+0.315091|+06.416217|1.286793|-58.653250
2457667.44451290|0.981797|0.000108|-0.501931|+0.969856|-0.726515|+05.780666|1.287566|-58.800267
2457667.44475614|0.982298|0.000108|-0.808883|+1.709129|-0.339566|+06.569945|1.288341|-58.944442
2457667.44499918|0.981721|0.000108|+0.099733|+0.583046|-0.161444|+07.114707|1.289119|-59.088319
2457667.44524490|0.981485|0.000108|+0.304395|+1.088661|+0.382728|+06.500429|1.289940|-59.233576
2457667.44548815|0.982550|0.000108|-0.171062|+1.011482|-0.103082|+06.393896|1.290728|-59.377270
2457667.44573119|0.981247|0.000108|-0.060462|+0.647270|-0.279570|+07.265137|1.291521|-59.521028
2457667.44597635|0.981498|0.000108|+0.542479|+0.742043|+0.177116|+07.499617|1.292317|-59.665888
2457667.44621959|0.980381|0.000108|-0.534709|+0.154503|-0.208390|+06.981893|1.293119|-59.809476
2457667.44646282|0.984125|0.000108|-0.461466|+1.262276|-0.449863|+06.355509|1.293922|-59.952683
2457667.44670586|0.981567|0.000108|-0.286828|+1.344948|-0.490175|+07.431585|1.294730|-60.095900
2457667.44695121|0.982446|0.000108|+0.875526|+0.620293|+0.079931|+06.222404|1.295544|-60.240599
2457667.44719426|0.981486|0.000108|+0.002860|+1.920174|+0.152451|+07.329948|1.296361|-60.383662
2457667.44743729|0.980772|0.000108|-0.470941|+0.119713|+0.117257|+07.645571|1.297184|-60.526608
2457667.44768285|0.982081|0.000108|-0.330128|+0.680885|-0.355374|+07.032470|1.298009|-60.670791
2457667.44792587|0.980716|0.000108|+1.576724|+0.755104|+1.099819|+07.474654|1.298839|-60.813435
2457667.44816909|0.981809|0.000108|-0.188603|+1.015144|-0.435444|+06.865768|1.299673|-60.956206
2457667.44841213|0.982369|0.000108|-1.065612|+0.858665|-0.121210|+07.366116|1.300511|-61.098630
2457667.44865942|0.981019|0.000108|+0.823221|+0.217354|+0.071342|+06.859626|1.301395|-61.243708
2457667.44890225|0.981390|0.000108|-0.102599|+0.877312|-0.402831|+06.026629|1.302241|-61.385973
2457667.44914781|0.981348|0.000108|+0.164747|+0.704018|-0.173127|+06.169392|1.303093|-61.529574
2457667.44939102|0.982828|0.000108|-0.542499|+1.964943|-0.490162|+07.085683|1.303950|-61.671711
2457667.44963425|0.981724|0.000108|-0.877082|+0.716896|+0.175509|+07.851200|1.304811|-61.813784
2457667.44987749|0.983353|0.000108|-1.150714|+1.205360|-0.236715|+07.577124|1.305676|-61.955603
2457667.45012478|0.983225|0.000108|+0.308172|+1.286949|+0.296477|+07.431558|1.306544|-62.099595
2457667.45036798|0.981355|0.000108|+1.381471|+1.100243|+0.256270|+06.798380|1.307417|-62.241217
2457667.45061122|0.981029|0.000108|+1.208825|+0.457191|+0.793998|+07.612729|1.308296|-62.382893
2457667.45085425|0.981686|0.000108|-0.193471|+1.436623|-0.247375|+07.674905|1.309176|-62.524258
2457667.45109730|0.981963|0.000108|-0.147586|+0.601387|+0.339282|+07.521032|1.310065|-62.665751
2457667.45134073|0.982527|0.000108|-0.637542|+1.793114|-0.363252|+06.531313|1.310954|-62.806846
2457667.45158396|0.983421|0.000108|+1.069525|+0.415962|+1.175775|+08.687298|1.311851|-62.949500
2457667.45182719|0.984342|0.000108|+0.729209|+1.188820|+0.329830|+07.572042|1.312752|-63.090465
2457667.45207294|0.981938|0.000108|+1.042674|+1.634819|+1.064066|+08.152720|1.313656|-63.232602
2457667.45231598|0.983580|0.000108|-0.070982|+0.941551|+0.046332|+07.169520|1.314565|-63.373430
2457667.45256133|0.982341|0.000108|+0.493115|+0.707634|+0.005384|+07.274064|1.315522|-63.515429
2457667.45280572|0.984653|0.000108|-0.396587|+0.743980|-0.149832|+06.717529|1.316439|-63.655956
2457667.45304895|0.982214|0.000108|+0.598188|+0.803764|+0.434019|+06.774593|1.317363|-63.796519
2457667.45329220|0.982339|0.000108|-1.499496|+1.780602|-0.271941|+08.066531|1.318289|-63.938108
2457667.45353543|0.983090|0.000108|+0.435507|+1.088402|+0.942439|+09.081047|1.319222|-64.078320
2457667.45377866|0.983320|0.000109|+0.955162|+1.152016|+1.743403|+09.959910|1.320158|-64.218489
2457667.45402693|0.983818|0.000109|-0.422101|+1.908897|+0.479615|+10.441319|1.321099|-64.361221
2457667.45427169|0.984841|0.000108|-0.898633|+1.206276|+0.167051|+08.469954|1.322047|-64.502540
2457667.45451492|0.982297|0.000108|+1.105772|+1.867210|+1.523282|+09.558040|1.323040|-64.642150
2457667.45476029|0.981278|0.000108|-1.155969|+0.893425|+0.074747|+08.574711|1.323996|-64.783180
2457667.45500331|0.983991|0.000108|-0.801696|+1.012077|+0.738866|+09.658507|1.324955|-64.922771
2457667.45524866|0.984446|0.000108|+0.489241|+2.682564|+0.908531|+09.481258|1.325921|-65.063515
2457667.45549207|0.982220|0.000108|-1.297944|+0.214653|+0.449433|+10.230562|1.326889|-65.202946
2457667.45573899|0.984374|0.000108|+0.026780|+0.663368|+0.350738|+08.786879|1.327862|-65.344726
2457667.45598219|0.983120|0.000108|+0.068781|+1.818321|+0.773443|+08.620254|1.328842|-65.483850
2457667.45622524|0.984025|0.000108|-1.397427|+1.351723|+0.270358|+09.637741|1.329824|-65.622870
2457667.45646865|0.983214|0.000108|-0.413676|+0.134590|+0.460109|+08.519090|1.330813|-65.761681
2457667.45671188|0.982509|0.000108|-0.689110|+1.733543|+0.809315|+09.448920|1.331804|-65.900510
2457667.45695491|0.985742|0.000109|+1.110412|+0.632988|+1.328037|+09.398666|1.332800|-66.039176
2457667.45719795|0.983620|0.000108|-0.409093|+0.399055|+0.890706|+09.603092|1.333802|-66.177702
2457667.45744099|0.983213|0.000109|+0.907859|+0.548653|+1.251764|+10.165756|1.334808|-66.316114
2457667.45768421|0.984006|0.000108|-0.494980|+1.258537|+0.446272|+08.482251|1.335821|-66.454474
2457667.45792745|0.984173|0.000108|-0.229348|+0.702293|+0.746829|+08.840379|1.336838|-66.592582
2457667.45817067|0.985035|0.000109|+2.062613|+1.286217|+1.254717|+09.453917|1.337858|-66.730567
2457667.45841624|0.984135|0.000108|+0.312551|-0.367714|+0.175984|+08.312360|1.338935|-66.869911
2457667.45865925|0.983766|0.000108|-1.117370|+2.340767|-0.083483|+08.086004|1.339965|-67.007727
2457667.45890230|0.983979|0.000108|-0.084122|+1.465202|-0.248167|+07.545885|1.341001|-67.145015
2457667.45914786|0.982800|0.000108|-0.270358|+0.513145|+0.201995|+07.867918|1.342044|-67.284091
2457667.45939031|0.983122|0.000108|-1.501852|+1.871330|-0.562633|+06.640875|1.343090|-67.421541
2457667.45963377|0.984239|0.000108|-0.479320|+0.181847|+0.082481|+07.091035|1.344142|-67.558896
2457667.45987717|0.983389|0.000108|+0.610534|+0.251411|+0.152308|+06.950591|1.345197|-67.696051
2457667.46012021|0.983728|0.000109|-0.770826|+1.169716|+0.245479|+10.062179|1.346258|-67.833255
2457667.46036365|0.984621|0.000109|+1.177171|+0.740746|+1.621752|+09.687153|1.347324|-67.971605
2457667.46060687|0.984634|0.000108|-0.814324|+1.547722|+0.225087|+09.365264|1.348395|-68.108434
2457667.46085011|0.985091|0.000108|-0.248656|+1.671806|+0.046441|+08.421945|1.349471|-68.245175
2457667.46109315|0.986121|0.000108|+0.919527|+1.485909|+0.617695|+07.555465|1.350553|-68.381931
2457667.46133638|0.985433|0.000108|+0.148978|+1.228477|+0.781506|+08.350967|1.351638|-68.518424
2457667.46157962|0.986078|0.000108|+0.048016|+1.508995|+0.537169|+08.566189|1.352729|-68.654908
2457667.46182267|0.988071|0.000109|+0.335577|+1.122780|+1.102533|+08.792382|1.353826|-68.791217
2457667.46206589|0.986440|0.000108|-0.795948|+0.927879|+0.419398|+09.317484|1.354927|-68.927389
2457667.46230912|0.985892|0.000108|+0.671455|+1.317024|+1.338889|+08.577410|1.356036|-69.063541
2457667.46255237|0.987745|0.000108|-0.146278|+2.770378|+0.067245|+07.611851|1.357147|-69.199421
2457667.46279539|0.985624|0.000108|-0.242772|+1.402550|-0.063485|+08.049450|1.358265|-69.335384
2457667.46303842|0.986776|0.000109|-0.679006|+0.173988|+0.851271|+10.195800|1.359388|-69.471129
2457667.46328166|0.987841|0.000109|+0.078095|+0.104301|+2.598031|+11.287107|1.360514|-69.606679
2457667.46352488|0.988972|0.000109|-1.521046|+1.049049|+0.376671|+11.131113|1.361646|-69.742146
2457667.46376811|0.988434|0.000109|+0.195831|+1.547218|+0.863472|+08.202060|1.362784|-69.878798
2457667.46401133|0.989615|0.000109|-0.365336|+0.933876|+0.050979|+08.110773|1.363928|-70.014105
2457667.46425457|0.989447|0.000109|+0.023536|+1.600700|+0.365138|+08.585336|1.365075|-70.149174
2457667.46449761|0.986856|0.000109|-0.755908|+2.125404|+0.421535|+09.158790|1.366228|-70.284181
2457667.46474063|0.988221|0.000109|+0.400323|+1.816017|+1.183326|+08.855135|1.367388|-70.419073
2457667.46498366|0.985922|0.000108|-0.111220|-0.231468|+0.527723|+09.330882|1.368554|-70.553940
2457667.46522691|0.988361|0.000109|-0.696174|+1.525932|+0.980905|+09.114989|1.369723|-70.688674
2457667.46547012|0.990267|0.000109|-0.027208|+1.579124|-0.037368|+07.737999|1.370898|-70.823180
2457667.46571335|0.989205|0.000109|+1.040972|+1.229912|+1.251278|+09.329596|1.372078|-70.957587
2457667.46595639|0.991364|0.000109|-1.142197|+0.901878|+0.229887|+08.727470|1.373266|-71.092033
2457667.46619943|0.989321|0.000108|+1.189089|+0.917885|+1.323603|+07.695371|1.374457|-71.226165
2457667.46644247|0.990634|0.000108|+0.039013|+1.415489|-0.005379|+07.623789|1.375653|-71.360330
2457667.46668531|0.990287|0.000109|-0.838180|+2.334480|+0.012498|+07.418745|1.376857|-71.494285
2457667.46692855|0.990395|0.000109|+0.186870|+0.857384|+0.421628|+07.747176|1.378065|-71.628116
2457667.46717159|0.992590|0.000109|+0.110332|+1.067177|+0.588111|+07.739923|1.379277|-71.761832
2457667.46741483|0.992427|0.000109|-0.782710|+1.806862|+1.087287|+09.614542|1.380496|-71.895437
2457667.46765807|0.990154|0.000109|+0.442125|+2.306282|+1.664676|+09.397346|1.381719|-72.028912
2457667.46790111|0.991796|0.000109|-0.415411|+2.013023|+0.426969|+09.091977|1.382949|-72.161949
2457667.46814415|0.991051|0.000109|+1.339642|+1.653465|+0.883123|+07.447951|1.384187|-72.295263
2457667.46838738|0.992528|0.000109|+0.057698|+1.382622|+0.442947|+08.078964|1.385429|-72.428535
2457667.46863062|0.993393|0.000109|+0.123206|+1.624199|+0.194536|+07.726959|1.386673|-72.561579
2457667.46887347|0.991449|0.000109|+0.102309|+0.226555|+0.463089|+09.416110|1.387924|-72.694523
2457667.46911670|0.991472|0.000109|+0.205468|+1.993828|+0.224376|+07.535642|1.389183|-72.827322
2457667.46935975|0.993606|0.000109|-0.117173|+0.467796|-0.029547|+07.635613|1.390448|-72.960028
2457667.46960280|0.992962|0.000109|-0.510627|+0.595268|+0.325034|+07.782927|1.391717|-73.092536
2457667.46984582|0.992731|0.000109|+0.154105|+0.887703|+0.002640|+08.601784|1.392993|-73.224972
2457667.47008866|0.993792|0.000109|-0.549526|+1.821434|-0.011017|+07.713467|1.394274|-73.357302
2457667.47033210|0.994021|0.000109|+0.682328|+2.684029|+1.565318|+08.760620|1.395560|-73.489432
2457667.47057532|0.992806|0.000109|-0.061328|+2.108894|+0.325928|+08.210116|1.396854|-73.621601
2457667.47081837|0.994851|0.000109|-0.362082|+1.920784|+1.036353|+09.640495|1.398153|-73.753652
2457667.47106138|0.994847|0.000109|+0.855926|-0.898598|+1.814145|+10.628959|1.399460|-73.885555
2457667.47130441|0.994601|0.000109|+0.009929|+2.190208|+1.585530|+09.307264|1.400768|-74.017180
2457667.47154745|0.995214|0.000109|-0.111565|+2.233070|+0.511823|+08.312051|1.402086|-74.148915
2457667.47179068|0.995004|0.000109|+0.122611|+1.261711|+0.070882|+08.802899|1.403409|-74.281673
2457667.47203390|0.996036|0.000110|+0.223646|+1.245399|+2.142342|+10.012733|1.404736|-74.413044
2457667.47227715|0.995282|0.000110|-1.101048|+1.780251|+0.891311|+11.481799|1.406073|-74.544475
2457667.47252016|0.995692|0.000110|+0.027609|+1.021523|+0.844420|+08.729337|1.407411|-74.675548
2457667.47276321|0.995406|0.000109|+0.808185|+0.924522|+0.925415|+09.074533|1.408758|-74.806553
2457667.47300625|0.998412|0.000110|-0.090531|+0.235268|+2.015324|+10.369962|1.410111|-74.937592
2457667.47324908|0.996444|0.000110|+0.057975|+2.118034|+0.514418|+09.160590|1.411469|-75.068366
2457667.47349232|0.995799|0.000109|+0.493356|+2.146980|+0.565659|+07.734231|1.412833|-75.199021
2457667.47373554|0.996189|0.000109|+0.599987|+3.096352|+0.408760|+08.294350|1.414202|-75.329560
2457667.47397878|0.995610|0.000109|-0.228699|+2.140007|+1.201280|+08.836848|1.415580|-75.460202
2457667.47422201|0.996545|0.000109|-0.845505|+1.319542|-0.112970|+08.008109|1.416965|-75.590581
2457667.47446505|0.998077|0.000110|-0.298211|+2.219536|-0.428571|+07.368580|1.418355|-75.720732
2457667.47470848|0.995857|0.000109|-1.175990|+1.532570|-0.149213|+07.946842|1.419751|-75.850976
2457667.47495174|0.997920|0.000110|-1.147877|+2.259514|-0.396125|+06.796712|1.421153|-75.980871
2457667.47519476|0.997937|0.000110|+1.450955|+1.326271|+0.736405|+08.123262|1.422561|-76.110833
2457667.47543799|0.998037|0.000110|-0.590473|+2.633095|+0.575603|+08.470766|1.423975|-76.240568
2457667.47568123|0.995401|0.000110|+0.078408|-0.333351|+1.573995|+11.229362|1.425397|-76.370293
2457667.47592448|0.996141|0.000109|-0.848146|+1.209435|+0.035495|+08.095733|1.426823|-76.499809
2457667.47616751|0.998141|0.000110|-0.179956|+0.918755|+0.359091|+08.680944|1.428260|-76.629201
2457667.47641074|0.998338|0.000110|+0.858550|+1.529228|+0.463811|+07.690779|1.429698|-76.759809
2457667.47665398|0.997005|0.000110|+0.007633|+1.739403|+0.872885|+08.821756|1.431143|-76.889002
2457667.47689702|0.997093|0.000110|-0.824828|+1.723930|+0.218803|+07.955146|1.432598|-77.018191
2457667.47714025|0.998538|0.000110|+0.571615|+2.072990|+0.328844|+08.003930|1.434055|-77.146693
2457667.47738328|0.998727|0.000110|-0.486399|+1.886101|-0.044125|+07.329564|1.435520|-77.275559
2457667.47762653|0.997157|0.000109|+0.759279|+1.395134|+0.052351|+06.782059|1.437065|-77.404455
2457667.47786975|0.998775|0.000110|+0.239960|+1.703636|-0.261165|+07.677115|1.438544|-77.533187
2457667.47811278|0.998911|0.000110|+0.236357|+2.240547|+0.126625|+06.887366|1.440030|-77.661680
2457667.47835600|0.994264|0.000109|-0.552024|+0.118492|+0.145397|+08.482691|1.441521|-77.790151
2457667.47859906|0.996725|0.000109|-0.323010|+1.663033|-0.278431|+06.976358|1.443022|-77.918332
2457667.47884228|0.999021|0.000110|+0.708607|+1.438499|+0.267763|+06.432440|1.444529|-78.046562
2457667.47908549|0.995852|0.000109|+0.083539|+0.721428|+0.230243|+07.660603|1.446042|-78.174573
2457667.47932854|0.996408|0.000109|+0.611288|+1.333412|+0.159091|+07.946586|1.447560|-78.302370
2457667.47957177|0.999248|0.000110|-0.747781|+1.369637|+0.246601|+09.139251|1.449087|-78.430314
2457667.47981481|0.996325|0.000109|+0.455398|+1.496391|+0.052626|+06.765043|1.450617|-78.558081
2457667.48005822|0.997349|0.000110|+0.290831|+3.012611|+0.143686|+07.656005|1.452156|-78.685682
2457667.48030147|0.996790|0.000110|+0.638591|+2.101723|+0.245392|+07.633584|1.453703|-78.814399
2457667.48054468|0.998383|0.000110|-0.186852|+1.130638|+0.178143|+07.908304|1.455258|-78.941860
2457667.48078772|0.996721|0.000110|+0.826720|+1.676308|+0.250866|+07.445634|1.456819|-79.069074
2457667.48103097|0.996527|0.000110|-0.513295|+1.818855|+0.170326|+08.168752|1.458385|-79.196203
2457667.48127420|0.997527|0.000110|-0.291335|+1.363152|+0.652893|+08.991440|1.459963|-79.323364
2457667.48151743|0.994260|0.000109|-0.229681|+2.681831|+0.428888|+08.000067|1.461540|-79.450143
2457667.48176065|0.996597|0.000110|+0.452268|+0.957848|+0.928964|+08.463706|1.463130|-79.576997
2457667.48200388|0.993865|0.000109|-1.298293|+1.612541|-0.482569|+06.784050|1.464725|-79.703795
2457667.48224711|0.995097|0.000109|+0.461496|+1.827705|+0.220023|+07.012027|1.466329|-79.830367
2457667.48249035|0.996779|0.000109|+0.229804|+1.444252|+0.250472|+06.719704|1.467940|-79.956822
2457667.48273321|0.996399|0.000109|-0.201444|+1.282158|-0.352121|+06.878967|1.469557|-80.083237
2457667.48297645|0.993538|0.000109|-0.208984|+0.230782|+0.324512|+08.453146|1.471180|-80.209445
2457667.48321948|0.997533|0.000110|+0.361204|+2.633553|-0.020318|+07.122693|1.472813|-80.335619
2457667.48346272|0.996940|0.000110|-0.271963|+2.064873|-0.114878|+07.643828|1.474453|-80.461708
2457667.48370594|0.997320|0.000110|-0.099091|+1.763664|+0.769859|+08.650200|1.476099|-80.587595
2457667.48394919|0.998361|0.000110|+0.819455|+1.822945|+0.299438|+07.891572|1.477751|-80.713343
2457667.48419240|0.997092|0.000110|-1.063068|+1.956429|+0.651793|+09.472017|1.479412|-80.840305
2457667.48443564|0.999341|0.000110|-0.014186|+3.611168|+0.908069|+09.995862|1.481080|-80.965867
2457667.48467887|0.998710|0.000110|+0.189003|+2.661720|+1.765318|+10.112783|1.482758|-81.091445
2457667.48492210|0.999448|0.000110|+0.574017|+1.932549|+1.200973|+09.872730|1.484441|-81.216836
2457667.48516535|0.996687|0.000110|-0.301862|+2.222847|-0.044010|+07.359118|1.486131|-81.342064
2457667.48540858|0.997587|0.000110|+0.456010|+2.214836|-0.079448|+08.156218|1.487828|-81.467141
2457667.48565160|0.994300|0.000109|-0.885381|+1.479881|-0.542166|+06.713740|1.489537|-81.592235
2457667.48589462|0.996445|0.000110|-0.235786|+0.920036|-0.150234|+07.074440|1.491251|-81.717291
2457667.48613787|0.999587|0.000110|+0.061007|+1.828819|-0.115215|+06.763473|1.492972|-81.842006
2457667.48638110|0.999603|0.000110|-0.601470|+0.851311|-0.209316|+07.636264|1.494701|-81.966734
2457667.48662414|0.995917|0.000110|+0.509432|+1.338844|+0.136464|+06.683465|1.496438|-82.091084
2457667.48686737|0.995987|0.000109|+0.304925|+1.901802|-0.211461|+05.866815|1.498181|-82.215591
2457667.48711114|0.996199|0.000109|-0.062197|+2.426613|-0.395422|+06.669992|1.499933|-82.341177
2457667.48735437|0.997542|0.000110|+0.019407|+2.041603|-0.547620|+06.271883|1.501694|-82.465498
2457667.48759761|0.995329|0.000109|-0.405483|+1.475700|-0.484942|+07.046188|1.503461|-82.589631
2457667.48784083|0.998167|0.000110|-0.491634|+2.129250|-0.200556|+07.604364|1.505236|-82.713690
2457667.48808390|0.998228|0.000110|+0.163511|+1.778114|-0.387614|+06.567137|1.507020|-82.837658
2457667.48832691|0.996309|0.000110|+0.970970|+1.223045|+0.121373|+06.781529|1.508812|-82.961491
2457667.48856994|0.996921|0.000110|-0.136659|+2.004402|-0.559927|+06.440268|1.510611|-83.085218
2457667.48881279|0.997989|0.000110|-0.491336|+1.835655|-0.615419|+06.059276|1.512419|-83.208848
2457667.48905605|0.999585|0.000110|-0.005663|+1.571754|-0.399705|+06.539717|1.514234|-83.332327
2457667.48929908|0.997439|0.000110|-0.033643|+1.735268|-0.326502|+06.169148|1.516058|-83.455851
2457667.48954212|0.999120|0.000110|+1.369827|+1.111061|+0.436787|+07.499676|1.517890|-83.579013
2457667.48978515|0.998078|0.000110|-0.136081|+1.679802|-0.242391|+07.165515|1.519732|-83.702348
2457667.49002819|0.998294|0.000110|-0.850128|+2.888039|-0.375344|+07.175890|1.521578|-83.825438
2457667.49027124|0.997176|0.000110|+0.004879|+1.179543|+0.150924|+07.670883|1.523437|-83.948438
2457667.49051428|0.997332|0.000110|+0.084017|+2.803810|-0.207168|+06.444033|1.525301|-84.071169
2457667.49075733|0.997858|0.000110|+0.199438|+1.928795|-0.346631|+06.053166|1.527176|-84.194031
2457667.49100038|0.997159|0.000110|+0.247193|+1.752449|-0.416682|+06.725101|1.529056|-84.316743
2457667.49124341|0.994688|0.000109|-0.284004|+2.337364|-0.188468|+05.954139|1.530942|-84.439236
2457667.49148646|1.000377|0.000110|+0.285906|+1.743675|-0.359598|+06.047072|1.532840|-84.561665
2457667.49172930|0.998277|0.000110|+0.409412|+2.443932|-0.450701|+05.857828|1.534747|-84.684044
2457667.49197254|0.996309|0.000110|-0.182927|+2.921089|-0.751024|+05.820128|1.536663|-84.806330
2457667.49221556|0.998976|0.000110|+0.631423|+0.901711|-0.149463|+06.813725|1.538587|-84.928427
2457667.49245862|0.996153|0.000110|+0.623058|+1.836693|-0.341756|+05.829180|1.540521|-85.050462
2457667.49270165|0.999361|0.000110|+0.107362|+1.753120|+0.844312|+08.405016|1.542462|-85.172414
2457667.49294468|0.999788|0.000110|+0.933033|+2.649727|-0.075642|+06.676535|1.544412|-85.294164
2457667.49318774|0.999632|0.000110|+0.746999|+1.058098|+0.706984|+08.247412|1.546372|-85.415887
2457667.49343057|0.997878|0.000110|+0.171259|+1.868187|+0.061394|+07.172154|1.548340|-85.537564
2457667.49367381|0.994974|0.000110|+1.177220|+1.398628|+0.498334|+07.665913|1.550318|-85.659063
2457667.49391682|1.001950|0.000111|+0.336515|+2.537041|+0.832937|+08.235033|1.552302|-85.780497
2457667.49415986|0.996487|0.000110|+0.264077|+1.780373|+0.338284|+08.247522|1.554296|-85.901769
2457667.49440289|0.999966|0.000110|+0.344365|+1.428719|-0.080903|+07.863593|1.556301|-86.023018
2457667.49464593|0.997549|0.000110|+0.479242|+1.932579|+0.293832|+08.630253|1.558313|-86.144072
2457667.49488915|1.000262|0.000110|-0.233960|+2.249916|-0.008248|+07.983150|1.560333|-86.265007
2457667.49513239|0.999414|0.000111|-0.601508|+2.216042|+2.755023|+11.364851|1.562367|-86.385976
2457667.49537560|0.999882|0.000110|+0.590652|+2.520851|+0.114431|+07.260967|1.564405|-86.506708
2457667.49561885|1.000114|0.000111|+0.697953|+0.670601|+1.163803|+10.467448|1.566457|-86.627409
2457667.49586187|0.998852|0.000111|+1.214009|+1.690056|+1.155693|+08.777641|1.568514|-86.747692
2457667.49610511|0.998751|0.000110|+0.079697|+2.297707|+0.239821|+07.616404|1.570585|-86.868261
2457667.49634814|0.996859|0.000110|+0.576021|+2.189751|+0.297662|+07.613368|1.572660|-86.988594
2457667.49659158|0.995360|0.000110|-0.239803|+2.119652|+0.987767|+09.292958|1.574750|-87.108895
2457667.49683442|0.998669|0.000110|+0.118033|+2.406685|+0.407168|+07.660533|1.576843|-87.229071
2457667.49707766|1.000888|0.000111|+0.152796|+3.282036|+0.393140|+07.266970|1.578948|-87.349100
2457667.49732089|0.995642|0.000110|+0.136596|+1.591362|+0.204807|+07.537042|1.581066|-87.470254
2457667.49756412|0.997995|0.000110|-0.500411|+1.855370|-0.126382|+07.935243|1.583188|-87.590073
2457667.49780698|0.999918|0.000110|-0.250870|+1.317909|+0.025183|+07.507821|1.585323|-87.709829
2457667.49805040|0.994909|0.000110|+1.375561|+1.517479|+0.826891|+07.407939|1.587468|-87.829423
2457667.49829345|0.994985|0.000110|+0.575149|+0.761818|+0.008042|+07.483937|1.589623|-87.949219
2457667.49853648|0.996311|0.000110|-0.268924|+1.773796|-0.190369|+07.007294|1.591784|-88.068584
2457667.49877972|0.995906|0.000110|-0.031053|+1.817955|-0.429688|+06.372454|1.593958|-88.187902
2457667.49902295|0.994488|0.000110|+0.452702|+1.971840|-0.264113|+06.291479|1.596142|-88.307276
2457667.49926600|0.997198|0.000110|-0.474725|+2.125267|-0.440268|+07.267615|1.598334|-88.426406
2457667.49950904|0.995132|0.000110|+1.684198|+2.359947|+0.178882|+07.127952|1.600539|-88.545413
2457667.49975227|1.000034|0.000111|+0.661485|+2.634041|+0.359763|+07.325999|1.602751|-88.664300
2457667.49999530|0.995509|0.000110|-0.671928|+1.487450|+0.650194|+07.719034|1.604974|-88.783161
