HAT-P-1     6147.7081761     -2.62769  0.00153
HAT-P-1     6566.5906729     -2.67927  0.00177
HAT-P-1     6608.4937886     -2.56068  0.00187
HAT-P-1     6617.4408359     -2.56816  0.00206
HAT-P-1     6623.4906323     -2.61211  0.00320
HAT-P-1     6909.4810511     -2.64060  0.00145
HAT-P-1     6999.3063427     -2.67180  0.00305
HAT-P-1     7003.3349148     -2.65992  0.00482
HAT-P-1     7173.6972408     -2.67702  0.00247
HAT-P-1     7176.6953132     -2.58856  0.00217
HAT-P-1     7343.3183972     -2.67263  0.00196
HAT-P-2     6363.7537111    -19.51044  0.00672
HAT-P-2     6377.6801974    -19.66200  0.00626
HAT-P-2     6379.6454943    -19.38001  0.00702
HAT-P-2     6382.6130885    -20.73491  0.00488
HAT-P-2     6408.6467405    -19.47710  0.00712
HAT-P-2     6486.4860771    -19.30468  0.00546
HAT-P-2     6739.7119661    -19.35449  0.00711
HAT-P-2     6792.6853654    -19.93168  0.00742
HAT-P-2     6818.6935399    -19.34052  0.00622
HAT-P-2     6821.5209132    -20.88893  0.00815
HAT-P-2     6861.4383015    -20.76511  0.00531
HAT-P-2     6878.4141216    -20.60332  0.00504
HAT-P-2     7113.5318271    -19.81459  0.01296
HAT-P-2     7115.5415862    -19.78489  0.00942
HAT-P-2     7145.5466475    -19.27364  0.00831
HAT-P-2     7175.6065157    -19.88848  0.00865
HAT-P-2     7207.4614426    -19.25955  0.00727
HAT-P-2     7208.4420074    -19.48358  0.00783
HAT-P-3     6322.7639361    -23.34798  0.00144
HAT-P-3     6324.7074130    -23.48465  0.00551
HAT-P-3     6410.5089690    -23.31874  0.00538
HAT-P-3     6433.4601729    -23.29693  0.00182
HAT-P-3     6454.3776650    -23.36719  0.00210
HAT-P-3     6454.3849100    -23.37181  0.00210
HAT-P-3     6454.3921433    -23.37236  0.00206
HAT-P-3     6454.3993767    -23.37374  0.00193
HAT-P-3     6454.4066217    -23.37347  0.00190
HAT-P-3     6454.5117197    -23.40248  0.00450
HAT-P-3     6454.5189647    -23.40016  0.00697
HAT-P-3     6454.5261980    -23.40092  0.00529
HAT-P-3     6454.5334430    -23.39961  0.00614
HAT-P-3     6454.5406879    -23.39716  0.00447
HAT-P-3     6484.4435902    -23.47028  0.00321
HAT-P-3     6486.4164920    -23.40417  0.00224
HAT-P-3     6487.4162183    -23.46285  0.00221
HAT-P-3     6506.3848846    -23.33673  0.00244
HAT-P-3     6700.6171852    -23.33094  0.00232
HAT-P-3     6702.6007593    -23.35582  0.00380
HAT-P-3     6818.4936842    -23.36465  0.00190
HAT-P-3     6874.3803741    -23.31035  0.00227
HAT-P-3     7113.4309588    -23.47953  0.00363
HAT-P-3     7114.4532138    -23.33165  0.00385
HAT-P-4     6324.7818877     -1.43470  0.00757
HAT-P-4     6376.6844079     -1.44976  0.00382
HAT-P-4     6404.6923768     -1.46062  0.00581
HAT-P-4     6405.6070653     -1.33653  0.00460
HAT-P-4     6420.5358137     -1.38126  0.00478
HAT-P-4     6423.4888794     -1.37873  0.01286
HAT-P-4     6432.4621660     -1.42774  0.00379
HAT-P-4     6485.4313409     -1.29236  0.00366
HAT-P-4     6486.3931941     -1.39341  0.00333
HAT-P-4     6701.6308712     -1.38977  0.00354
HAT-P-4     6861.4249985     -1.28453  0.00299
HAT-P-4     6877.4171316     -1.33345  0.00362
HAT-P-4     6909.3412775     -1.41006  0.00266
HAT-P-6     6166.6805756    -22.57857  0.00869
HAT-P-6     6174.6143596    -22.61823  0.00521
HAT-P-6     6454.6288180    -22.41480  0.00877
HAT-P-6     6564.6334588    -22.61207  0.00549
HAT-P-6     6619.4099271    -22.45614  0.00546
HAT-P-6     6620.4719634    -22.40061  0.00518
HAT-P-6     6901.4299028    -22.41078  0.00746
HAT-P-6     7003.4842567    -22.63067  0.00987
HAT-P-6     7175.6794085    -22.48776  0.00800
HAT-P-6     7273.5982049    -22.61483  0.00674
HAT-P-7     6406.7498791    -10.20486  0.00323
HAT-P-7     6485.6997945    -10.31974  0.00290
HAT-P-7     6487.4589042    -10.56851  0.00252
HAT-P-7     6543.4014534    -10.19856  0.00231
HAT-P-7     6622.3076817    -10.36771  0.00228
HAT-P-7     6775.7086503    -10.52724  0.00305
HAT-P-7     6861.5573096    -10.45114  0.00202
HAT-P-7     7124.7402823    -10.46550  0.00261
HAT-P-7     7150.6437500    -10.53721  0.00405
HAT-P-7     7177.5498821    -10.51354  0.00334
HAT-P-7     7209.6315528    -10.25898  0.00318
HAT-P-8     6174.5579581    -22.30648  0.00550
HAT-P-8     6484.6106387    -22.48046  0.00740
HAT-P-8     6531.6757285    -22.24887  0.00572
HAT-P-8     6543.4172141    -22.38470  0.00747
HAT-P-8     6618.4773243    -22.29397  0.00547
HAT-P-8     6620.3228585    -22.38938  0.00525
HAT-P-8     6653.3729256    -22.55477  0.00602
HAT-P-8     6861.6532980    -22.33534  0.00557
HAT-P-8     6878.6240306    -22.44547  0.00569
HAT-P-8     7037.3340328    -22.43648  0.00806
HAT-P-8     7270.6037766    -22.27422  0.00500
HAT-P-8     7291.3696438    -22.28087  0.00563
HAT-P-14    6376.7107491    -20.39022  0.00443
HAT-P-14    6408.6293273    -20.50192  0.00553
HAT-P-14    6435.4660908    -20.54913  0.00603
HAT-P-14    6483.4657740    -20.29799  0.00763
HAT-P-14    6485.4975940    -20.26363  0.00376
HAT-P-14    6486.4599860    -20.55820  0.00376
HAT-P-14    6506.4943363    -20.33670  0.00453
HAT-P-14    6702.6987335    -20.17508  0.00533
HAT-P-14    6821.6773089    -20.21916  0.00860
HAT-P-14    7113.6100500    -20.14767  0.00556
HAT-P-14    7116.5880007    -20.50877  0.00391
HAT-P-16    6161.6896230    -16.30486  0.00427
HAT-P-16    6174.6430421    -17.04225  0.00266
HAT-P-16    6528.6530336    -15.99047  0.00266
HAT-P-16    6565.7271963    -16.80193  0.00241
HAT-P-16    6607.5054253    -16.93499  0.00280
HAT-P-16    6622.4199210    -16.39648  0.00264
HAT-P-16    6653.4733104    -15.99938  0.00304
HAT-P-16    6698.3350811    -16.12799  0.00609
HAT-P-16    7209.6987298    -16.73720  0.00378
HAT-P-16    7272.7617448    -16.02250  0.00413
HAT-P-17    6225.4748217     20.33903  0.00553
HAT-P-17    6226.4517424     20.33264  0.00390
HAT-P-17    6266.3132594     20.34798  0.00131
HAT-P-17    6424.6961447     20.28364  0.00184
HAT-P-17    6485.7131679     20.31517  0.00141
HAT-P-17    6546.5926365     20.33626  0.00134
HAT-P-17    6579.3203259     20.30401  0.00129
HAT-P-17    6579.4828179     20.29662  0.00132
HAT-P-17    6579.4935118     20.29710  0.00131
HAT-P-17    6579.5044371     20.29765  0.00130
HAT-P-17    6579.5149922     20.29551  0.00134
HAT-P-17    6579.5259291     20.29457  0.00134
HAT-P-17    6579.5364147     20.29413  0.00132
HAT-P-17    6579.5471665     20.29375  0.00135
HAT-P-17    6579.5589715     20.29614  0.00156
HAT-P-17    6608.4561226     20.34484  0.00137
HAT-P-17    6617.3699683     20.35551  0.00150
HAT-P-17    6623.4150390     20.26780  0.00240
HAT-P-17    6821.6931219     20.34801  0.00258
HAT-P-17    6860.6523227     20.24992  0.00104
HAT-P-17    6974.4057440     20.24785  0.00163
HAT-P-17    7005.3116685     20.25039  0.00591
HAT-P-17    7178.6605453     20.31411  0.00174
HAT-P-17    7272.6647342     20.27246  0.00161
HAT-P-17    7353.4052233     20.32469  0.00286
HAT-P-18    6455.4509387    -11.09465  0.00512
HAT-P-18    6455.4616446    -11.09978  0.00477
HAT-P-18    6455.4723621    -11.09462  0.00634
HAT-P-18    6455.4830912    -11.09355  0.00691
HAT-P-18    6455.4938086    -11.09540  0.00589
HAT-P-18    6455.6224300    -11.10240  0.00510
HAT-P-18    6455.6331590    -11.09585  0.00736
HAT-P-18    6455.6438765    -11.12288  0.00825
HAT-P-18    6455.6560638    -11.10904  0.00709
HAT-P-18    6506.4656440    -11.13127  0.00696
HAT-P-18    6536.4895913    -11.07358  0.00626
HAT-P-18    6543.3744274    -11.09505  0.00458
HAT-P-18    6859.5740457    -11.13893  0.01389
HAT-P-18    6860.5113906    -11.10837  0.00477
HAT-P-18    7142.6298907    -11.07530  0.00603
HAT-P-18    7143.5902652    -11.09121  0.00586
HAT-P-18    7144.7286531    -11.12251  0.00453
HAT-P-20    6252.7426355    -17.81127  0.00338
HAT-P-20    6305.6459810    -17.61767  0.00305
HAT-P-20    6323.6742419    -19.27755  0.00823
HAT-P-20    6569.7270066    -16.85292  0.00308
HAT-P-20    6581.7516133    -17.80612  0.00263
HAT-P-20    6606.7575804    -16.97723  0.00387
HAT-P-20    6608.7685888    -19.07089  0.00255
HAT-P-20    6608.7779878    -19.05996  0.00451
HAT-P-20    6609.7800413    -16.85321  0.00562
HAT-P-20    6621.7458747    -17.18187  0.00302
HAT-P-20    6622.7226119    -19.30900  0.00352
HAT-P-20    6631.6269025    -19.26363  0.00238
HAT-P-20    6719.4812342    -17.16702  0.00631
HAT-P-20    6723.5440673    -19.28865  0.00358
HAT-P-20    6728.4099865    -17.89041  0.00459
HAT-P-20    6728.4172544    -17.90546  0.00462
HAT-P-20    6728.4245802    -17.93041  0.00463
HAT-P-20    6728.4317439    -17.94452  0.00461
HAT-P-20    6728.5260181    -18.19649  0.00569
HAT-P-20    6728.5329157    -18.22397  0.00543
HAT-P-20    6728.5474399    -18.25926  0.00759
HAT-P-20    6728.5547309    -18.28366  0.00710
HAT-P-20    6728.5617905    -18.30477  0.00797
HAT-P-20    6728.5690121    -18.33650  0.00916
HAT-P-20    6976.6867347    -19.21385  0.00219
HAT-P-20    7005.7164522    -18.73836  0.00426
HAT-P-20    7011.7021440    -18.16570  0.00368
HAT-P-21    6295.7576795    -52.98326  0.00379
HAT-P-21    6298.7081919    -52.38815  0.00360
HAT-P-21    6299.6288507    -52.84103  0.00317
HAT-P-21    6322.7791254    -52.93420  0.00343
HAT-P-21    6323.6180076    -52.44943  0.01298
HAT-P-21    6324.7714937    -53.08494  0.01344
HAT-P-21    6344.6036196    -52.59443  0.00321
HAT-P-21    6620.7758877    -52.50483  0.00366
HAT-P-21    6700.5113537    -53.28293  0.00434
HAT-P-21    6701.4938693    -53.46211  0.00381
HAT-P-21    6723.5591538    -52.40384  0.00528
HAT-P-21    6724.4414765    -52.86306  0.00638
HAT-P-21    6724.4488144    -52.86542  0.00630
HAT-P-21    6724.4559092    -52.87183  0.00599
HAT-P-21    6724.4632238    -52.87334  0.00572
HAT-P-21    6724.4704459    -52.87144  0.00602
HAT-P-21    6724.4777953    -52.88045  0.00696
HAT-P-21    6724.4854225    -52.88367  0.00755
HAT-P-21    7027.6132375    -53.34672  0.00822
HAT-P-21    7142.6426081    -53.42931  0.00572
HAT-P-21    7143.6032197    -52.81878  0.00378
HAT-P-21    7144.5961662    -52.49139  0.00562
HAT-P-21    7177.3956190    -52.46196  0.00412
HAT-P-21    7178.4542145    -53.07296  0.00581
HAT-P-22    6295.6214561     12.51711  0.00079
HAT-P-22    6298.7642665     12.55564  0.00082
HAT-P-22    6299.6085258     12.33749  0.00068
HAT-P-22    6322.6832476     12.61281  0.00063
HAT-P-22    6323.6310805     12.94720  0.00259
HAT-P-22    6344.4753290     12.32156  0.00068
HAT-P-22    6365.6506613     12.87270  0.00115
HAT-P-22    6375.5026138     12.76967  0.00129
HAT-P-22    6377.6005131     12.79282  0.00099
HAT-P-22    6382.5712975     12.40344  0.00065
HAT-P-22    6407.5380482     12.81954  0.00098
HAT-P-22    6622.7576970     12.81662  0.00070
HAT-P-22    6631.7299753     12.93448  0.00106
HAT-P-22    6700.4992492     12.44152  0.00079
HAT-P-22    6702.4833282     12.94910  0.00079
HAT-P-22    6724.4276005     12.74191  0.00074
HAT-P-22    6728.6232469     12.87848  0.00120
HAT-P-22    6751.4400623     12.70662  0.00096
HAT-P-22    6751.4471568     12.70393  0.00098
HAT-P-22    6751.4544364     12.69842  0.00092
HAT-P-22    6751.4617044     12.69521  0.00093
HAT-P-22    6751.4688683     12.69221  0.00091
HAT-P-22    6751.4761016     12.68676  0.00091
HAT-P-22    6751.4832539     12.68245  0.00094
HAT-P-22    6751.4905914     12.67888  0.00094
HAT-P-22    6751.4978363     12.67390  0.00093
HAT-P-22    6751.6135578     12.60059  0.00135
HAT-P-22    6751.6207101     12.59569  0.00143
HAT-P-22    6751.6280707     12.59092  0.00135
HAT-P-22    6751.6350263     12.58675  0.00129
HAT-P-22    6751.6424332     12.58337  0.00137
HAT-P-22    6751.6494235     12.57912  0.00136
HAT-P-22    6751.6568304     12.57363  0.00148
HAT-P-22    6998.6527078     12.79036  0.00143
HAT-P-22    6999.7226329     12.32045  0.00144
HAT-P-22    7069.6071593     12.61243  0.00454
HAT-P-22    7472.4641639     12.49972  0.00159
HAT-P-22    7526.4654365     12.33750  0.00103
HAT-P-22    7549.3943908     12.42418  0.00108
HAT-P-24    6295.7336767     -1.66828  0.01724
HAT-P-24    6296.7071923     -1.60417  0.01475
HAT-P-24    6297.6790396     -1.77332  0.02664
HAT-P-24    6298.6136166     -1.78051  0.01657
HAT-P-24    6299.6464099     -1.61508  0.01277
HAT-P-24    6305.5539312     -1.71798  0.01370
HAT-P-24    6323.5542833     -1.64594  0.03753
HAT-P-24    6570.7356867     -1.71208  0.01669
HAT-P-24    6603.7391828     -1.78097  0.01354
HAT-P-24    6605.7648693     -1.65309  0.02555
HAT-P-24    6606.7418170     -1.77153  0.02083
HAT-P-24    6621.7739812     -1.64095  0.02245
HAT-P-24    7113.3877799     -1.80212  0.01840
HAT-P-29    6166.7249091    -21.70433  0.00835
HAT-P-29    6506.6641578    -21.56803  0.01007
HAT-P-29    6544.6103915    -21.67490  0.00594
HAT-P-29    6548.6533710    -21.67592  0.00873
HAT-P-29    6566.7244213    -21.71086  0.00445
HAT-P-29    6570.7032469    -21.61152  0.00675
HAT-P-29    6579.5740408    -21.64971  0.00713
HAT-P-29    6580.7132622    -21.57343  0.01281
HAT-P-29    6582.5197048    -21.64623  0.00539
HAT-P-29    6582.5319622    -21.64499  0.00532
HAT-P-29    6582.5430158    -21.63295  0.00558
HAT-P-29    6582.5535138    -21.64500  0.00563
HAT-P-29    6582.7143296    -21.65593  0.00521
HAT-P-29    6582.7248393    -21.65331  0.00570
HAT-P-29    6582.7360318    -21.65937  0.00623
HAT-P-29    6582.7464604    -21.66415  0.00666
HAT-P-29    6582.7590997    -21.67002  0.00718
HAT-P-29    6604.6638503    -21.60396  0.00809
HAT-P-29    6653.4955659    -21.66676  0.00673
HAT-P-29    6877.7005717    -21.60385  0.00716
HAT-P-29    6975.7109395    -21.57664  0.00826
HAT-P-29    6976.6718158    -21.58821  0.00531
HAT-P-29    7004.5579550    -21.57342  0.01110
HAT-P-29    7257.7249695    -21.62197  0.00670
HAT-P-29    7271.7490574    -21.65511  0.00591
HAT-P-30    6295.6894831     44.76530  0.00302
HAT-P-30    6296.6506058     44.75710  0.00175
HAT-P-30    6298.6261587     44.78796  0.00267
HAT-P-30    6299.7192253     44.69620  0.00203
HAT-P-30    6322.6152208     44.63241  0.00194
HAT-P-30    6324.6674223     44.76936  0.01204
HAT-P-30    6404.4529302     44.63369  0.00781
HAT-P-30    6405.4397453     44.79329  0.00497
HAT-P-30    6586.7325991     44.64472  0.00249
HAT-P-30    6622.7348316     44.74302  0.00218
HAT-P-30    6631.6642469     44.65480  0.00237
HAT-P-30    6993.6959738     44.75775  0.00546
HAT-P-30    6998.6408468     44.80352  0.00335
HAT-P-31    6410.7333931     -3.02136  0.00831
HAT-P-31    6486.6319535     -2.82660  0.00448
HAT-P-31    6487.6226390     -2.95034  0.00458
HAT-P-31    6787.7090938     -2.91875  0.00451
HAT-P-31    6792.6985149     -2.91139  0.00404
HAT-P-31    6817.5692037     -2.88340  0.00299
HAT-P-31    6819.6737833     -3.23486  0.00382
HAT-P-31    6857.6073738     -2.88241  0.00260
HAT-P-31    6859.5627149     -3.21442  0.00536
HAT-P-31    6878.4915403     -3.03585  0.00246
HAT-P-31    7148.6340525     -3.01277  0.00450
HAT-P-31    7150.6108339     -3.28644  0.00518
HAT-P-31    7169.5136066     -3.16128  0.00328
HAT-P-31    7176.6632578     -2.95331  0.00583
HD 17156    6161.7435825     -3.31336  0.00197
HD 17156    6208.5678378     -3.17600  0.00147
HD 17156    6211.7036807     -3.12942  0.00086
HD 17156    6226.6664070     -3.25709  0.00531
HD 17156    6244.6950733     -3.39934  0.00088
HD 17156    6542.7238989     -3.34188  0.00085
HD 17156    6552.7419012     -3.09794  0.00067
HD 17156    6604.5753851     -3.46699  0.00092
HD 17156    6605.6173295     -3.38670  0.00123
HD 17156    6619.5885389     -3.04032  0.00601
HD 17156    6621.4813747     -3.02312  0.00069
HD 17156    6656.4191663     -3.13672  0.00109
HD 17156    6874.7353554     -3.03466  0.00086
HD 17156    6876.7353038     -3.02371  0.00100
HD 17156    6877.7220949     -3.08531  0.00083
HD 17156    6878.7375224     -3.47388  0.00058
HD 17156    6890.7515903     -3.12030  0.00064
HD 17156    6909.5186619     -3.16626  0.00063
HD 17156    6909.5294843     -3.16728  0.00067
HD 17156    6909.5401215     -3.16822  0.00070
HD 17156    6909.5510250     -3.16826  0.00072
HD 17156    6909.5618474     -3.16674  0.00064
HD 17156    6909.5722068     -3.16790  0.00063
HD 17156    6909.5829598     -3.16739  0.00064
HD 17156    6909.5938400     -3.16800  0.00062
HD 17156    6909.6044078     -3.16638  0.00066
HD 17156    6909.6151029     -3.16457  0.00069
HD 17156    6909.6260873     -3.16421  0.00064
HD 17156    6909.6366667     -3.16257  0.00060
HD 17156    6921.6725243     -3.56235  0.00087
HD 17156    6921.6826869     -3.56031  0.00085
HD 17156    6921.6943427     -3.56036  0.00085
HD 17156    6921.7045169     -3.55976  0.00072
HD 17156    6921.7151309     -3.55970  0.00075
HD 17156    6921.7261038     -3.55997  0.00078
HD 17156    6921.7364631     -3.55950  0.00076
HD 17156    6921.7473318     -3.56124  0.00074
HD 17156    6971.5464245     -3.20112  0.00086
HD 17156    6971.5640984     -3.20021  0.00094
HD 17156    6971.5748278     -3.19956  0.00087
HD 17156    6971.5857656     -3.19932  0.00086
HD 17156    6971.5961825     -3.19898  0.00080
HD 17156    6971.6069581     -3.19770  0.00081
HD 17156    6971.6176528     -3.19719  0.00084
HD 17156    6971.6280465     -3.19791  0.00091
HD 17156    6986.5838461     -3.45278  0.00070
HD 17156    6998.5436582     -3.09326  0.00116
HD 17156    7005.5609509     -3.24050  0.00137
HD 17156    7005.5700133     -3.24530  0.00134
HD 17156    7005.5801636     -3.24721  0.00167
HD 17156    7005.5924204     -3.25021  0.00156
HD 17156    7005.6030221     -3.25950  0.00127
HD 17156    7290.5065420     -3.18292  0.00090
HD 17156    7356.4598278     -3.13543  0.00102
KELT-6      6698.6246166      1.12759  0.00373
KELT-6      6699.5981178      1.12410  0.00266
KELT-6      6701.5721784      1.06969  0.00325
KELT-6      6702.5780274      1.04452  0.00356
KELT-6      6728.6514082      1.10514  0.00378
KELT-6      6786.6096227      1.14361  0.00456
KELT-6      6787.6080239      1.11232  0.00394
KELT-6      6817.4828974      1.17659  0.00269
KELT-6      6819.5294371      1.11506  0.00361
KELT-6      6820.5036652      1.10164  0.00527
KELT-6      6861.3962059      1.15088  0.00252
KELT-6      6874.3671911      1.14432  0.00365
KELT-6      6875.3699086      1.11947  0.00907
KELT-6      6987.7758682      1.20399  0.00360
KELT-6      6998.7374590      1.19889  0.00550
KELT-6      6999.7720792      1.16615  0.00568
KELT-6      7005.7568617      1.23406  0.00930
KELT-6      7011.7739008      1.22638  0.00268
KELT-6      7028.7007769      1.24014  0.00351
KELT-6      7029.6919680      1.21682  0.00350
KELT-6      7050.6754700      1.22431  0.00484
KELT-6      7068.7805304      1.21875  0.00467
KELT-6      7109.6223894      1.17029  0.00500
KELT-6      7112.6046536      1.15507  0.00799
KELT-6      7113.5209968      1.20991  0.00374
KELT-6      7114.4434383      1.21195  0.00500
KELT-6      7115.4514791      1.21930  0.00261
KELT-6      7124.6632021      1.17637  0.00346
KELT-6      7124.6739078      1.18872  0.00327
KELT-6      7124.6843473      1.18624  0.00320
KELT-6      7124.6953540      1.18230  0.00289
KELT-6      7124.7059324      1.17988  0.00295
KELT-6      7142.5371704      1.14405  0.00359
KELT-6      7143.4702025      1.15891  0.00339
KELT-6      7144.4675938      1.19663  0.00379
KELT-6      7150.4993939      1.15509  0.00465
KELT-6      7159.4146304      1.16469  0.00325
KELT-6      7170.4699137      1.21465  0.00268
KELT-6      7173.4798065      1.14385  0.00520
KELT-6      7174.4991165      1.14043  0.00530
KELT-6      7175.4624580      1.17910  0.00268
KELT-6      7176.4762350      1.21235  0.00376
KELT-6      7205.4144948      1.13624  0.00254
KELT-6      7206.4215209      1.15735  0.00310
KELT-6      7207.4328524      1.18973  0.00380
Qatar-1     6174.4128054    -38.01911  0.00423
Qatar-1     6174.4247685    -38.02256  0.00400
Qatar-1     6174.5113162    -38.12612  0.00438
Qatar-1     6174.5232783    -38.14229  0.00456
Qatar-1     6176.5702612    -38.10301  0.00736
Qatar-1     6177.5788490    -38.32575  0.00685
Qatar-1     6177.5954171    -38.33841  0.01041
Qatar-1     6178.5619923    -37.91407  0.01358
Qatar-1     6179.6162127    -37.84690  0.01972
Qatar-1     6180.5669062    -38.30034  0.00598
Qatar-1     6182.5996329    -37.79125  0.00555
Qatar-1     6876.5331437    -38.17491  0.01042
Qatar-1     6878.5478223    -37.80459  0.00497
Qatar-1     7170.6086015    -38.02129  0.00565
Qatar-1     7176.6303057    -37.75873  0.00887
TrES-1      6484.6886073    -20.51987  0.00533
TrES-1      6487.7107614    -20.51162  0.00439
TrES-1      6761.7333908    -20.36377  0.00609
TrES-1      6818.5637822    -20.40903  0.00304
TrES-1      6819.5986050    -20.40569  0.00341
TrES-1      6860.5637338    -20.50313  0.00208
TrES-1      6861.5451650    -20.35158  0.00201
TrES-1      6878.4317984    -20.55396  0.00228
TrES-1      7148.5913770    -20.47784  0.00357
TrES-1      7150.6323780    -20.55507  0.00380
TrES-1      7169.5634530    -20.51969  0.00280
TrES-1      7178.6355797    -20.52635  0.00458
TrES-1      7204.5511587    -20.43230  0.00273
TrES-1      7501.7487426    -20.48925  0.00372
TrES-1      7502.7271141    -20.53242  0.00292
TrES-2      6406.6987712     -0.51482  0.00388
TrES-2      6410.7176521     -0.21766  0.00767
TrES-2      6619.3094788     -0.48837  0.00261
TrES-2      6620.3474457     -0.14782  0.00247
TrES-2      6621.3588628     -0.48468  0.00242
TrES-2      6623.3101720     -0.26850  0.00288
TrES-2      6761.7453401     -0.31470  0.00679
TrES-2      6857.7266999     -0.17326  0.00284
TrES-2      6858.5556156     -0.48925  0.00291
TrES-2      6933.3890060     -0.37749  0.00238
TrES-2      7148.5768365     -0.26253  0.00319
TrES-2      7258.4037687     -0.33999  0.00268
TrES-4      6362.7362106    -16.06857  0.00728
TrES-4      6484.5349548    -16.13883  0.00815
TrES-4      6485.6197732    -16.11206  0.01093
TrES-4      6506.4347341    -16.14266  0.00718
TrES-4      6507.5441882    -16.07782  0.01794
TrES-4      6508.5333332    -16.07074  0.01000
TrES-4      6509.5292251    -16.13889  0.00925
TrES-4      6543.3630907    -16.05218  0.00729
TrES-4      6583.3209632    -16.03598  0.01053
TrES-4      6586.3357656    -16.03864  0.00898
TrES-4      6696.7742799    -16.07788  0.02018
TrES-4      6699.7280420    -16.04912  0.00877
TrES-4      6701.7622102    -16.14555  0.00878
TrES-4      6786.6589400    -16.13534  0.01254
TrES-4      6787.6929067    -16.12960  0.01053
TrES-4      6857.4827341    -16.10910  0.00739
TrES-4      6858.4506626    -16.15155  0.00853
TrES-4      7150.5680821    -16.09659  0.00959
WASP-1      6160.6894264    -13.46894  0.00616
WASP-1      6506.5838542    -13.42937  0.00739
WASP-1      6527.7139040    -13.25902  0.00571
WASP-1      6531.6627856    -13.45635  0.00306
WASP-1      6532.6714804    -13.24898  0.00319
WASP-1      6544.5981503    -13.36440  0.00319
WASP-1      6619.4235758    -13.47181  0.00949
WASP-1      6623.3423681    -13.23372  0.00370
WASP-1      6878.6758291    -13.41422  0.00292
WASP-1      7270.7194988    -13.27444  0.00417
WASP-11     6202.7409913      4.97663  0.00376
WASP-11     6244.7105938      4.94987  0.00489
WASP-11     6545.7405867      4.98101  0.00276
WASP-11     6548.6403392      4.94348  0.00452
WASP-11     6549.6361876      4.96549  0.00276
WASP-11     6570.7163363      4.90752  0.00337
WASP-11     6580.7277111      4.82636  0.00509
WASP-11     6581.7412327      4.88656  0.00363
WASP-11     6606.6470643      4.83735  0.00452
WASP-11     6621.4074654      4.85150  0.00254
WASP-11     6698.4336366      4.99136  0.00373
WASP-11     6702.4178403      4.96677  0.00307
WASP-11     6933.5017446      4.90742  0.00802
WASP-11     6933.5090483      4.90157  0.00653
WASP-11     6933.5165025      4.90708  0.00450
WASP-11     6933.5234011      4.90271  0.00383
WASP-11     6933.5306933      4.90551  0.00371
WASP-11     6933.5379160      4.91008  0.00351
WASP-11     6933.5451965      4.90234  0.00407
WASP-11     6933.5524192      4.90723  0.00348
WASP-11     6933.6752861      4.88695  0.00380
WASP-11     6933.6828445      4.89095  0.00414
WASP-11     6933.6899399      4.88471  0.00368
WASP-11     6933.6970005      4.88157  0.00382
WASP-11     6933.7043505      4.88446  0.00352
WASP-11     6933.7116543      4.87353  0.00403
WASP-11     6933.7189117      4.88115  0.00429
WASP-11     6933.7259955      4.87980  0.00418
WASP-11     6935.6698014      4.91898  0.00253
WASP-11     6971.6665306      4.80748  0.00347
WASP-11     6998.5700077      4.87635  0.00476
WASP-11     7259.6139931      4.92242  0.00397
WASP-12     6244.7350605     18.92209  0.00569
WASP-12     6322.6296187     19.29543  0.00442
WASP-12     6324.5715353     19.09295  0.01485
WASP-12     6404.3852271     19.29434  0.00853
WASP-12     6405.3731597     19.16125  0.01233
WASP-12     6406.3853502     19.04773  0.00718
WASP-12     6545.7506126     18.91420  0.00464
WASP-12     6548.7200002     19.22083  0.00496
WASP-12     6549.7585014     19.28353  0.00428
WASP-12     6620.7292354     19.23871  0.00377
WASP-12     6657.4410530     19.09381  0.01239
WASP-12     6702.4590003     19.31018  0.00369
WASP-12     7003.6617090     19.29893  0.00555
WASP-12     7011.6755633     18.98033  0.00664
WASP-12     7029.6265419     19.09696  0.00454
WASP-13     6266.7625974      9.92153  0.00186
WASP-13     6295.6627133      9.84411  0.00224
WASP-13     6296.7459925      9.91289  0.00210
WASP-13     6297.7684686      9.90155  0.00802
WASP-13     6298.7781995      9.81554  0.00259
WASP-13     6299.7753706      9.82286  0.00185
WASP-13     6305.6585926      9.92361  0.00218
WASP-13     6323.6998321      9.90046  0.00355
WASP-13     6324.6318006      9.83193  0.00972
WASP-13     6344.5905014      9.91739  0.00212
WASP-13     6420.4657804      9.83038  0.00323
WASP-13     6603.7748863      9.80925  0.00220
WASP-13     6699.4811970      9.81229  0.00196
WASP-13     6700.4177671      9.83894  0.00295
WASP-13     6973.7421375      9.81455  0.00488
WASP-13     7069.5662520      9.81308  0.00586
WASP-13     7170.3860111      9.82721  0.00259
WASP-14     6322.7049910     -4.41102  0.00172
WASP-14     6323.7727971     -5.27676  0.00257
WASP-14     6486.4309603     -4.58501  0.00196
WASP-14     6701.6072012     -5.28933  0.00223
WASP-14     6764.5494095     -4.91351  0.00294
WASP-14     6788.4187622     -5.67671  0.00211
WASP-14     6821.5667639     -4.52495  0.00435
WASP-14     7029.7647413     -4.02390  0.00226
WASP-14     7112.6201495     -4.18025  0.00494
WASP-14     7114.5224187     -5.09422  0.00609
WASP-14     7143.5259093     -5.58159  0.00237
WASP-14     7146.6464645     -4.10629  0.00259
WASP-21     6484.6612388    -89.42684  0.00568
WASP-21     6543.4308758    -89.43738  0.00486
WASP-21     6617.4674510    -89.40998  0.00459
WASP-21     6622.4045313    -89.40254  0.00391
WASP-21     6861.6133850    -89.46308  0.00300
WASP-21     6878.6400904    -89.45407  0.00370
WASP-21     7173.7095864    -89.46443  0.00538
WASP-21     7175.6931854    -89.40050  0.00900
WASP-24     6322.7901665    -17.92473  0.00489
WASP-24     6323.7589390    -17.65657  0.00905
WASP-24     6376.6571560    -17.92981  0.00734
WASP-24     6485.5230166    -17.64440  0.00830
WASP-24     6700.6651030    -17.65165  0.00604
WASP-24     6877.4044553    -17.89815  0.00663
WASP-24     7029.7506162    -17.91809  0.00762
WASP-24     7142.5649627    -17.86534  0.00620
WASP-24     7143.5138481    -17.63473  0.00732
WASP-24     7144.5200009    -17.91357  0.00993
WASP-24     7150.4874399    -17.63084  0.00888
WASP-26     6506.6552214      8.62586  0.00518
WASP-26     6530.6767082      8.43008  0.00304
WASP-26     6542.7147893      8.62295  0.00475
WASP-26     6605.4500861      8.53079  0.00449
WASP-26     6622.3780018      8.62053  0.00280
WASP-26     6861.7438481      8.51613  0.00332
WASP-26     6874.6985252      8.35488  0.00349
WASP-26     7269.6230208      8.47813  0.00331
WASP-26     7343.3633166      8.34767  0.00463
WASP-31     6305.7335186     -0.02410  0.01185
WASP-31     6322.7361331     -0.03018  0.00967
WASP-31     6344.6307026     -0.15950  0.00921
WASP-31     6436.3697747     -0.12641  0.01168
WASP-31     6658.7741225     -0.11122  0.01567
WASP-31     6693.6907029     -0.04069  0.01534
WASP-31     6699.6237653     -0.10246  0.01130
WASP-31     6700.6048959     -0.03515  0.01219
WASP-31     6702.5624422     -0.16008  0.01638
WASP-31     6719.5790326     -0.14039  0.01647
WASP-31     6720.5707020     -0.05689  0.01627
WASP-31     7027.7004303     -0.04093  0.02531
WASP-32     6176.6132106     17.82761  0.00721
WASP-32     6530.6629659     18.16734  0.00537
WASP-32     6565.6094705     17.84686  0.00423
WASP-32     6607.4922217     18.77541  0.00562
WASP-32     6620.4086372     18.22089  0.00430
WASP-32     6656.3737974     18.77610  0.02109
WASP-32     6861.7305231     17.83490  0.00488
WASP-32     6998.4153400     18.34458  0.00770
WASP-32     7343.3509745     18.01331  0.00938
WASP-35     6176.7477515     17.71220  0.00327
WASP-35     6305.5142758     17.84697  0.00285
WASP-35     6322.5212248     17.66881  0.00334
WASP-35     6569.6743154     17.70095  0.00328
WASP-35     6607.7130079     17.71219  0.00390
WASP-35     6618.6989838     17.82704  0.00399
WASP-35     6701.4646073     17.72948  0.00500
WASP-35     6999.6633809     17.69694  0.00732
WASP-35     7003.5639821     17.81522  0.00396
WASP-35     7292.7527162     17.71406  0.00332
WASP-38     6375.7189536     -9.95990  0.00422
WASP-38     6381.6695746     -9.94518  0.00213
WASP-38     6407.7481901     -9.67893  0.00390
WASP-38     6485.4469936     -9.97085  0.00237
WASP-38     6486.4748322     -9.85588  0.00228
WASP-38     6507.4332755     -9.78673  0.00733
WASP-38     6701.7156531     -9.48077  0.00326
WASP-38     6702.6735364     -9.57564  0.00336
WASP-38     6724.7630580     -9.86806  0.00228
WASP-38     6818.5427019     -9.47864  0.00234
WASP-38     6860.4393622     -9.51793  0.00197
WASP-38     7113.5990701     -9.50229  0.00354
WASP-38     7143.5656843     -9.78945  0.00249
WASP-38     7144.5589653     -9.94373  0.00340
WASP-38     7173.6035078     -9.84372  0.00304
WASP-38     7209.4226501     -9.53639  0.00312
WASP-43     6363.4150934     -3.27779  0.01113
WASP-43     6363.4206142     -3.32062  0.01211
WASP-43     6363.4261349     -3.31643  0.01167
WASP-43     6363.4316557     -3.32680  0.00956
WASP-43     6363.4371648     -3.36734  0.00932
WASP-43     6363.4426740     -3.38286  0.00918
WASP-43     6363.4481947     -3.40625  0.00926
WASP-43     6363.4537039     -3.43649  0.00925
WASP-43     6363.5253347     -3.72307  0.01038
WASP-43     6363.5308439     -3.75676  0.01091
WASP-43     6363.5363414     -3.77417  0.01131
WASP-43     6363.5418622     -3.78779  0.01039
WASP-43     6363.5473714     -3.82551  0.01138
WASP-43     6363.5528921     -3.83739  0.01303
WASP-43     6363.5584013     -3.86881  0.01174
WASP-43     6363.5639104     -3.87778  0.01570
WASP-43     6363.5704265     -3.89065  0.01451
WASP-43     6363.5759241     -3.90283  0.01225
WASP-43     6363.5814449     -3.95392  0.01633
WASP-43     6363.5869540     -3.96050  0.01282
WASP-43     6377.5888707     -4.12398  0.00883
WASP-43     6381.5576542     -4.09179  0.00879
WASP-43     6381.5643669     -4.11262  0.00885
WASP-43     6382.5119981     -3.95185  0.00517
WASP-43     7050.5560526     -3.22713  0.01975
WASP-43     7116.4469689     -3.24659  0.00450
WASP-43     7145.4231718     -4.12769  0.01557
WASP-48     6406.7104180    -19.82588  0.01678
WASP-48     6761.7199736    -19.54409  0.01965
WASP-48     6817.5793474    -19.58745  0.01106
WASP-48     6818.5726918    -19.85967  0.01192
WASP-48     6819.6093934    -19.59374  0.01457
WASP-48     6860.5497720    -19.61818  0.00985
WASP-48     6875.5192852    -19.57953  0.03055
WASP-48     6877.5278568    -19.56966  0.01185
WASP-48     6878.5248387    -19.84797  0.00932
WASP-48     7150.6561461    -19.87104  0.02317
WASP-48     7259.4177536    -19.66343  0.01232
WASP-49     6657.4775734     41.67638  0.00916
WASP-49     6698.4498205     41.76629  0.00373
WASP-49     6699.4206668     41.65615  0.00274
WASP-49     6700.4308386     41.75064  0.00437
WASP-49     6971.6829613     41.68699  0.00360
WASP-49     6975.7732941     41.73542  0.00217
WASP-49     7116.3485499     41.69239  0.00245
WASP-50     6532.6842500     25.29631  0.00383
WASP-50     6569.6643312     25.36518  0.00386
WASP-50     6607.6314376     25.64237  0.00339
WASP-50     6620.4436009     25.40712  0.00294
WASP-50     6699.3507228     25.51710  0.00321
WASP-50     6876.7137421     25.33778  0.00911
WASP-50     6977.4624957     25.82002  0.00404
WASP-50     6987.5725220     25.70080  0.00405
WASP-50     6998.5113404     25.52647  0.00905
WASP-50     7273.7120061     25.30837  0.00333
WASP-54     6305.7451608     -3.18096  0.00359
WASP-54     6322.7477094     -3.04669  0.00167
WASP-54     6323.7480824     -3.14396  0.00341
WASP-54     6324.7985868     -3.16904  0.00368
WASP-54     6363.6773846     -3.06221  0.00266
WASP-54     6365.6920730     -3.15085  0.00227
WASP-54     6377.6686809     -3.06413  0.00307
WASP-54     6382.6009376     -3.09679  0.00206
WASP-54     6485.4166445     -3.05523  0.00278
WASP-54     6699.6347951     -3.05068  0.00227
WASP-54     6787.4407435     -3.08565  0.00327
WASP-54     6859.4187291     -3.14804  0.00298
WASP-54     7070.7286586     -3.18534  0.00338
XO-1        6376.5838841      1.84636  0.00248
XO-1        6483.5667355      1.94307  0.00781
XO-1        6485.5602920      1.83317  0.00293
XO-1        6695.7349036      1.84021  0.00638
XO-1        6696.7221696      2.00846  0.00502
XO-1        6698.7240647      1.79763  0.00385
XO-1        6775.6603928      2.00232  0.00389
XO-1        6817.5399273      1.78828  0.00194
XO-1        6877.4321508      1.90374  0.00254
XO-1        6878.4545718      2.00667  0.00203
XO-1        7113.5436665      1.83715  0.00434
XO-1        7117.6185109      1.85992  0.00475
XO-2N       6252.7735942     47.01695  0.00470
XO-2N       6266.5002358     46.95212  0.00176
XO-2N       6266.5111391     46.94999  0.00163
XO-2N       6266.5220772     46.94720  0.00190
XO-2N       6266.5330152     46.94157  0.00182
XO-2N       6266.6642836     46.91787  0.00162
XO-2N       6266.6752101     46.91345  0.00149
XO-2N       6266.6861481     46.91378  0.00149
XO-2N       6297.6232946     46.99582  0.00147
XO-2N       6298.6439377     46.84091  0.00220
XO-2N       6299.7627971     47.01275  0.00155
XO-2N       6305.6312188     46.97081  0.00197
XO-2N       6322.5638037     46.87768  0.00154
XO-2N       6323.6864534     47.01471  0.00333
XO-2N       6380.3493409     46.92113  0.00335
XO-2N       6400.4448678     46.84687  0.00996
XO-2N       6406.3618745     46.89379  0.00357
XO-2N       6420.3925778     47.00889  0.00309
XO-2N       6437.3729274     46.84123  0.00136
XO-2N       6548.7319879     47.00434  0.00243
XO-2N       6586.6848930     46.86052  0.00236
XO-2N       6602.7517914     46.92594  0.00248
XO-2N       6616.7097506     47.00407  0.00271
XO-2N       6617.7220416     46.83677  0.00166
XO-2N       6631.7043038     46.96466  0.00204
XO-2N       6657.4534385     46.89283  0.00557
XO-2N       6700.4040201     47.00665  0.00260
XO-2N       6701.3496106     46.84103  0.00185
XO-2N       6783.3854147     46.95134  0.00143
XO-2N       6784.3608478     46.95433  0.00162
XO-2N       6933.7339818     46.90315  0.00230
XO-2N       6935.7545268     47.00905  0.00166
XO-3        6198.7254883    -11.04618  0.02272
XO-3        6201.7293442    -10.35886  0.01615
XO-3        6207.7256621     -9.96020  0.02318
XO-3        6226.7393414    -10.36543  0.03281
XO-3        6226.7542380    -10.24893  0.04685
XO-3        6305.4997269    -12.71634  0.01213
XO-3        6324.5317224    -12.79653  0.03704
XO-3        6542.6855034    -10.43521  0.01445
XO-3        6619.5569235     -9.82485  0.01491
XO-3        6621.4217699    -12.73119  0.01542
XO-3        6701.4382378    -12.57057  0.01419
XO-3        6877.7336213    -10.68979  0.01380
XO-3        6878.7090487    -11.56481  0.01324
XO-3        6935.7207272    -10.19277  0.01076
XO-3        6975.7263864    -12.72270  0.01435
XO-3        6993.6691445    -11.71780  0.02394
XO-3        7116.3609898    -12.57472  0.01262
XO-3        7125.3617702    -12.75577  0.01220
XO-3        7291.5455295    -12.78090  0.01895
XO-4        6295.6491939      1.60830  0.00541
XO-4        6296.6236265      1.49628  0.00487
XO-4        6297.6913214      1.27305  0.00983
XO-4        6298.6825567      1.39759  0.00641
XO-4        6299.7048437      1.59999  0.00457
XO-4        6305.5806440      1.32285  0.00573
XO-4        6322.6691778      1.27874  0.00551
XO-4        6375.4208768      1.39626  0.00578
XO-4        6400.3709072      1.33921  0.01563
XO-4        6616.7253932      1.51901  0.01050
XO-4        6617.7492475      1.61690  0.00475
XO-4        6699.4446431      1.54999  0.00427
XO-4        6701.4800703      1.35727  0.00556
XO-4        6909.7281071      1.53160  0.00548
