r'  2455559.72759589 1.001299 7.790E-4 -5.89   1.62 1.49  4.63 3.40
r'  2455559.72885689 1.001473 7.660E-4 -2.24  -0.10 1.48  4.03 3.52
r'  2455559.73011789 1.002206 7.620E-4 -2.27   0.19 1.47  4.11 3.36
r'  2455559.73137089 1.003186 7.620E-4 -0.31  -0.70 1.46  4.39 3.57
r'  2455559.73262289 1.002685 7.550E-4  0.16   0.25 1.45  4.05 3.40
r'  2455559.73387889 1.001676 7.490E-4  0.13  -0.16 1.44  4.14 3.31
r'  2455559.73513189 1.000076 7.420E-4 -1.08  -1.68 1.43  4.21 3.46
r'  2455559.73638189 0.999444 7.360E-4 -1.49  -1.45 1.42  4.12 3.66
r'  2455559.73763189 1.003060 7.340E-4 -1.44  -1.31 1.41  4.16 3.14
r'  2455559.73888289 1.004686 7.290E-4 -0.02  -0.23 1.40  4.09 3.54
r'  2455559.74013089 1.002284 7.210E-4  0.07  -0.40 1.39  4.01 3.41
r'  2455559.74138289 1.002287 7.180E-4  0.47  -1.49 1.38  4.25 3.77
r'  2455559.74263089 1.002750 7.120E-4 -1.62  -1.41 1.37  4.12 3.48
r'  2455559.74388189 1.000599 7.130E-4 -1.34  -0.44 1.37  4.81 3.84
r'  2455559.74513489 1.002292 7.080E-4 -1.86   0.00 1.36  4.82 3.59
r'  2455559.74639289 1.002807 6.970E-4 -1.14   0.10 1.35  4.23 3.75
r'  2455559.74765489 1.001762 6.950E-4 -2.05  -1.52 1.34  4.06 3.57
r'  2455559.74890389 1.002252 6.910E-4 -1.63  -1.14 1.33  4.24 3.59
r'  2455559.75015389 1.002048 6.890E-4 -2.01  -1.12 1.33  3.64 3.52
r'  2455559.75141589 1.003506 6.810E-4 -0.63  -0.92 1.32  3.68 3.49
r'  2455559.75267789 1.003395 6.800E-4 -1.87  -0.92 1.31  4.10 3.64
r'  2455559.75393089 1.001957 6.740E-4 -2.13  -0.57 1.30  3.81 3.48
r'  2455559.75517989 1.001134 6.740E-4 -2.31  -0.82 1.30  3.98 3.66
r'  2455559.75642989 1.002262 6.690E-4 -1.56   0.04 1.29  3.34 3.59
r'  2455559.75767889 0.999376 6.620E-4 -2.27  -0.10 1.28  3.42 3.68
r'  2455559.75892789 0.996625 6.610E-4 -1.65  -0.63 1.28  3.57 3.41
r'  2455559.76017989 0.993668 6.540E-4 -2.85  -1.65 1.27  3.31 3.50
r'  2455559.76142989 0.991958 6.480E-4 -2.42  -1.33 1.26  3.48 3.49
r'  2455559.76267989 0.988674 6.470E-4 -2.40  -1.42 1.26  3.51 3.35
r'  2455559.76392889 0.985888 6.420E-4 -1.01  -0.64 1.25  3.92 3.38
r'  2455559.76517989 0.982822 6.390E-4 -1.90  -1.09 1.25  3.78 3.46
r'  2455559.76642989 0.982004 6.370E-4 -0.81  -0.39 1.24  4.38 3.71
r'  2455559.76767989 0.980232 6.300E-4 -2.12  -0.55 1.23  3.80 3.80
r'  2455559.76892889 0.979448 6.300E-4 -1.79   0.18 1.23  4.09 3.44
r'  2455559.77017889 0.978639 6.240E-4 -1.83  -0.61 1.22  3.64 3.46
r'  2455559.77142989 0.977355 6.250E-4 -1.51  -1.01 1.22  4.23 3.82
r'  2455559.77269089 0.978570 6.170E-4 -2.07  -1.36 1.21  3.75 3.41
r'  2455559.77394489 0.977120 6.180E-4 -0.33  -0.12 1.21  3.28 3.33
r'  2455559.77519489 0.976077 6.130E-4 -1.10  -0.75 1.20  3.38 3.55
r'  2455559.77644289 0.977725 6.130E-4 -0.45  -0.60 1.20  3.04 3.37
r'  2455559.77769389 0.977552 6.100E-4 -0.59  -1.05 1.19  3.34 3.46
r'  2455559.77894589 0.977460 6.100E-4 -0.82  -0.54 1.19  3.17 3.61
r'  2455559.78019389 0.975994 6.040E-4 -1.38  -1.23 1.18  3.11 3.84
r'  2455559.78144489 0.975490 6.040E-4 -0.75  -0.46 1.18  3.32 3.68
r'  2455559.78269389 0.976782 6.020E-4 -1.31  -1.47 1.17  3.30 3.63
r'  2455559.78394589 0.976117 6.000E-4 -0.64  -1.32 1.17  3.04 3.48
r'  2455559.78519489 0.978035 6.030E-4  0.12  -1.12 1.17  3.38 3.74
r'  2455559.78644589 0.978601 5.980E-4  0.22   1.25 1.16  3.00 3.70
r'  2455559.78769489 0.980023 5.990E-4  0.54   1.65 1.16  3.05 3.67
r'  2455559.78894589 0.979561 5.950E-4  0.87   1.30 1.15  3.03 3.62
r'  2455559.79019389 0.980274 5.940E-4  1.79   1.80 1.15  2.73 3.69
r'  2455559.79144589 0.980853 5.950E-4  1.19   1.09 1.15  2.93 3.64
r'  2455559.79269489 0.982125 5.920E-4  1.42   1.83 1.14  2.98 3.48
r'  2455559.79394489 0.985561 5.930E-4  1.23   1.36 1.14  2.83 3.62
r'  2455559.79519489 0.986187 5.930E-4  0.74   2.15 1.14  2.87 3.49
r'  2455559.79644489 0.986619 5.890E-4  0.11   0.72 1.13  2.80 3.64
r'  2455559.79769389 0.990798 5.920E-4  0.43   1.15 1.13  2.94 3.43
r'  2455559.79894589 0.993504 5.920E-4  0.11   1.01 1.13  2.77 3.72
r'  2455559.80019789 0.995867 5.890E-4 -0.49   1.52 1.12  2.76 3.68
r'  2455559.80144889 0.999068 5.920E-4 -0.69   1.21 1.12  2.78 3.57
r'  2455559.80269689 1.002776 5.930E-4 -0.23   1.90 1.12  2.86 3.58
r'  2455559.80394489 1.004130 5.900E-4  0.30   1.47 1.11  2.89 3.69
r'  2455559.80519689 1.006457 5.910E-4  0.24   2.48 1.11  2.79 3.95
r'  2455559.80644589 1.006280 5.910E-4  0.38   1.65 1.11  2.86 3.76
r'  2455559.80769689 1.005711 5.910E-4  0.16   2.89 1.11  2.88 3.75
r'  2455559.80894789 1.005480 5.870E-4  0.68   1.51 1.10  2.75 3.54
r'  2455559.81019689 1.005980 5.870E-4  0.11   1.73 1.10  2.76 3.60
r'  2455559.81144889 1.004293 5.860E-4  0.07   0.09 1.10  2.97 3.81
r'  2455559.81269589 1.002313 5.850E-4 -0.08   0.21 1.10  2.94 3.63
r'  2455559.81394989 1.003420 5.820E-4 -0.49   0.93 1.09  3.06 3.59
r'  2455559.81519889 1.003953 5.830E-4 -0.70   1.72 1.09  3.22 3.75
r'  2455559.81644689 1.003748 5.820E-4 -0.37   0.75 1.09  3.08 3.68
r'  2455559.81769689 1.003975 5.820E-4 -0.25   1.12 1.09  2.71 3.76
r'  2455559.81894789 1.004597 5.830E-4 -0.17   0.85 1.09  2.92 3.55
r'  2455559.82019889 1.004236 5.790E-4 -0.42   1.19 1.08  2.84 3.62
r'  2455559.82144889 1.005776 5.800E-4 -0.42   1.18 1.08  3.00 3.53
r'  2455559.82269689 1.004139 5.780E-4 -0.95   1.55 1.08  2.84 3.62
r'  2455559.82394789 1.005478 5.790E-4 -0.80   0.43 1.08  2.77 3.67
r'  2455559.82519589 1.003074 5.780E-4 -0.60   1.04 1.08  2.84 3.46
r'  2455559.82644689 1.005528 5.760E-4 -0.30   2.15 1.07  2.72 3.66
r'  2455559.82769789 1.004067 5.750E-4 -0.32   2.23 1.07  2.97 3.76
r'  2455559.82894789 1.002881 5.760E-4 -0.51   0.73 1.07  3.33 3.77
r'  2455559.83019789 1.002390 5.750E-4 -1.05   1.41 1.07  3.08 3.74
r'  2455559.83144989 1.003684 5.750E-4 -1.09   1.57 1.07  2.92 3.72
r'  2455559.83269789 1.002256 5.750E-4 -1.86   2.65 1.07  3.15 3.76
r'  2455559.83394789 1.003307 5.750E-4 -1.59   2.19 1.07  3.08 3.79
r'  2455559.83519889 1.002603 5.740E-4 -1.75   3.26 1.07  2.90 3.61
r'  2455559.83644989 1.003775 5.720E-4 -2.13   1.97 1.06  3.31 3.75
r'  2455559.83769889 1.004478 5.730E-4 -3.41   3.06 1.06  3.31 3.86
r'  2455559.83894989 1.002863 5.720E-4 -2.38   1.32 1.06  3.38 3.97
r'  2455559.84019889 1.004310 5.720E-4 -2.75   2.73 1.06  3.12 3.89
r'  2455559.84145089 1.005740 5.740E-4 -2.96   2.70 1.06  3.32 3.84
r'  2455559.84269989 1.003313 5.720E-4 -3.28   3.08 1.06  3.02 3.67
r'  2455559.84395089 1.003764 5.720E-4 -2.73   1.64 1.06  3.12 3.61
r'  2455559.84519889 1.003374 5.720E-4 -3.60   3.16 1.06  3.08 3.87
r'  2455559.84644989 1.004376 5.720E-4 -2.93   1.81 1.06  3.04 3.68
r'  2455559.84769989 1.003401 5.710E-4 -4.35   3.00 1.06  2.94 3.42
r'  2455559.85020089 1.003855 5.710E-4 -4.45   3.14 1.06  3.08 3.71
r'  2455559.85145189 1.003031 5.710E-4 -4.54   1.91 1.06  2.97 3.68
r'  2455559.85269889 1.002659 5.720E-4 -4.98   2.87 1.06  3.11 3.85
r'  2455559.85395189 1.003281 5.710E-4 -4.67   2.47 1.06  3.00 3.84
r'  2455559.85520089 1.005350 5.720E-4 -5.51   3.70 1.06  2.90 3.57
r'  2455559.85645289 1.007193 5.730E-4 -4.64   1.91 1.06  2.67 3.63
r'  2455559.85770089 1.003437 5.710E-4 -5.60   4.22 1.06  2.92 3.75
r'  2455559.85895189 1.004582 5.720E-4 -4.90   3.39 1.06  2.95 4.03
r'  2455559.86020289 1.004480 5.720E-4 -6.18   4.26 1.06  2.98 4.14
r'  2455559.86145289 1.005312 5.720E-4 -5.67   1.99 1.06  2.70 3.93
r'  2455559.86270189 1.005255 5.720E-4 -6.80   2.88 1.06  2.67 3.92
r'  2455559.86395289 1.003670 5.710E-4 -5.58   1.59 1.06  2.69 3.29
r'  2455559.86520089 1.004686 5.710E-4 -6.67   2.23 1.06  2.54 3.23
r'  2455559.86645289 1.006616 5.720E-4 -5.62   1.48 1.06  2.66 2.80
r'  2455590.64295838 1.006363 1.074E-3  0.90  -5.27 1.51  8.24 2.21
r'  2455590.64402638 1.008774 1.074E-3  0.84  -5.19 1.50  7.97 2.46
r'  2455590.64508838 1.004894 1.069E-3  0.22  -6.27 1.49  7.98 2.45
r'  2455590.64615738 1.008531 1.058E-3  0.19  -6.20 1.48  7.80 2.57
r'  2455590.64722938 1.009487 1.052E-3  0.69  -5.85 1.47  8.28 2.40
r'  2455590.64831138 1.009137 1.044E-3  0.99  -5.93 1.46  8.23 2.42
r'  2455590.64937338 1.005766 1.046E-3  0.26  -5.84 1.45  8.59 2.20
r'  2455590.65046938 1.010572 1.045E-3  0.24  -5.52 1.45  8.26 2.24
r'  2455590.65152738 1.008650 1.034E-3  0.22  -5.66 1.44  7.91 2.38
r'  2455590.65259338 1.009115 1.038E-3  0.00  -5.20 1.43  8.75 2.32
r'  2455590.65365738 1.008846 1.034E-3  0.38  -5.14 1.42  8.76 2.25
r'  2455590.65471838 1.009834 1.021E-3  0.54  -5.17 1.41  8.34 2.34
r'  2455590.65579738 1.008562 1.013E-3  1.05  -5.62 1.40  8.74 2.26
r'  2455590.65689738 1.008278 1.010E-3  0.83  -5.67 1.40  8.73 2.45
r'  2455590.65795938 1.007124 1.014E-3  1.28  -6.09 1.39  7.88 2.22
r'  2455590.65905038 1.008019 1.008E-3  1.22  -7.12 1.38  7.42 2.40
r'  2455590.66011138 1.005611 1.001E-3  0.59  -6.56 1.37  7.91 2.31
r'  2455590.66118138 1.006090 9.940E-4  1.43  -6.75 1.37  7.93 2.23
r'  2455590.66225338 1.005366 9.960E-4  1.36  -6.27 1.36  7.34 2.30
r'  2455590.66331738 1.006503 9.870E-4  2.14  -6.25 1.35  7.66 2.32
r'  2455590.66442138 1.008166 9.840E-4  0.75  -6.09 1.35  7.25 2.38
r'  2455590.66548438 1.007901 9.830E-4  1.54  -6.21 1.34  7.38 2.46
r'  2455590.66654938 1.008076 9.750E-4  0.77  -5.84 1.33  8.05 2.30
r'  2455590.66762138 1.008542 9.800E-4  0.45  -5.89 1.33  7.97 2.44
r'  2455590.66868338 1.007577 9.770E-4  0.40  -6.88 1.32  8.16 2.35
r'  2455590.66974638 1.004800 9.670E-4  0.05  -7.01 1.31  8.29 2.28
r'  2455590.67082238 1.003789 9.610E-4  0.11  -5.78 1.31  7.96 2.45
r'  2455590.67189438 0.996528 9.590E-4  1.19  -6.16 1.30  8.13 2.34
r'  2455590.67297538 0.996069 9.560E-4  0.81  -6.39 1.29  8.43 2.42
r'  2455590.67404238 0.993655 9.500E-4  1.59  -6.56 1.29  8.64 2.36
r'  2455590.67510238 0.989848 9.390E-4  0.28  -5.36 1.28  9.17 2.56
r'  2455590.67618138 0.988649 9.360E-4  1.14  -5.97 1.28  8.09 2.27
r'  2455590.67725538 0.983079 9.340E-4  1.22  -7.05 1.27  7.39 2.23
r'  2455590.67833038 0.983593 9.290E-4  1.59  -7.25 1.27  7.75 2.40
r'  2455590.67945638 0.984446 9.360E-4  0.86  -5.99 1.26  7.66 2.51
r'  2455590.68052938 0.982247 9.250E-4  0.96  -5.85 1.26  7.63 2.42
r'  2455590.68162738 0.983638 9.220E-4  1.43  -5.33 1.25  6.77 2.29
r'  2455590.68269738 0.983057 9.260E-4  1.75  -5.34 1.25  7.52 2.34
r'  2455590.68378538 0.980786 9.110E-4  0.70  -6.18 1.24  7.50 2.37
r'  2455590.68486638 0.980443 9.190E-4  0.56  -5.90 1.24  8.04 2.52
r'  2455590.68595138 0.980054 9.160E-4  0.36  -5.85 1.23  7.98 2.58
r'  2455590.68702838 0.981913 9.140E-4  1.16  -5.64 1.23  7.56 2.44
r'  2455590.68811538 0.982071 9.050E-4  0.55  -5.64 1.22  7.75 2.38
r'  2455590.68917838 0.981396 9.130E-4  0.98  -5.84 1.22  7.28 2.47
r'  2455590.69024038 0.982521 9.100E-4  1.20  -6.10 1.21  7.78 2.55
r'  2455590.69131138 0.977083 9.010E-4  0.96  -6.08 1.21  7.96 2.49
r'  2455590.69238038 0.977885 9.000E-4  0.40  -5.47 1.20  7.55 2.42
r'  2455590.69345838 0.980428 9.030E-4  0.78  -5.29 1.20  7.86 2.61
r'  2455590.69453538 0.979022 9.020E-4  0.03  -5.77 1.20  8.15 2.57
r'  2455590.69560038 0.978714 8.980E-4  0.50  -5.38 1.19  7.67 2.67
r'  2455590.69673138 0.979195 8.970E-4  1.41  -5.98 1.19  8.03 2.80
r'  2455590.69781438 0.980932 8.930E-4  0.90  -6.06 1.18  8.85 2.74
r'  2455590.69888038 0.980209 8.930E-4  1.44  -5.38 1.18  7.65 2.73
r'  2455590.69995538 0.983696 9.000E-4  1.12  -5.60 1.18  8.09 2.75
r'  2455590.70102238 0.981763 8.920E-4  0.53  -5.69 1.17  7.79 2.75
r'  2455590.70209438 0.981791 8.890E-4  0.53  -5.37 1.17  7.59 2.58
r'  2455590.70318438 0.981558 8.790E-4  0.61  -5.60 1.16  7.35 2.68
r'  2455590.70427938 0.988988 8.920E-4  0.96  -5.42 1.16  6.67 2.73
r'  2455590.70536138 0.985263 8.910E-4  0.81  -5.40 1.16  7.38 2.66
r'  2455590.70642438 0.986761 8.880E-4  1.02  -4.60 1.15  7.70 2.74
r'  2455590.70750138 0.987152 8.790E-4  0.28  -5.06 1.15  7.54 2.70
r'  2455590.70857838 0.990056 8.880E-4  0.13  -4.13 1.15  7.24 2.55
r'  2455590.70965038 0.993534 8.880E-4  0.72  -4.81 1.14  8.00 2.69
r'  2455590.71071938 0.997915 8.980E-4  0.92  -4.46 1.14  8.82 2.59
r'  2455590.71178638 0.999090 8.910E-4  0.49  -5.03 1.14  8.10 2.67
r'  2455590.71285238 1.001827 8.950E-4  0.03  -5.12 1.14  7.96 2.46
r'  2455590.71395938 1.003885 8.900E-4  0.37  -5.22 1.13  8.09 2.68
r'  2455590.71502138 1.006238 8.960E-4  0.42  -2.73 1.13  8.93 2.68
r'  2455590.71608638 1.007182 8.960E-4  0.03  -4.54 1.13  9.69 2.66
r'  2455590.71715238 1.007650 8.910E-4  1.24  -6.07 1.12  8.44 2.77
r'  2455590.71821938 1.007487 8.880E-4  0.94  -6.40 1.12  7.92 2.78
r'  2455590.71928438 1.006782 8.960E-4  0.50  -6.48 1.12  8.61 2.56
r'  2455590.72039538 1.007030 8.880E-4  1.25  -4.65 1.12  8.25 2.58
r'  2455590.72146738 1.007096 8.860E-4  0.81  -4.53 1.11  8.06 2.75
r'  2455590.72253838 1.007655 8.860E-4  0.22  -4.56 1.11  8.27 2.69
r'  2455590.72362138 1.006554 8.870E-4  0.05  -4.95 1.11  8.42 2.69
r'  2455590.72471238 1.007788 8.850E-4  0.09  -5.40 1.11  7.99 2.77
r'  2455590.72577438 1.009379 8.890E-4  0.01  -4.12 1.10  8.46 2.58
r'  2455590.72683838 1.007519 8.820E-4  0.26  -4.37 1.10  7.72 2.70
r'  2455590.72791738 1.008653 8.830E-4  0.06  -3.53 1.10  7.56 2.70
r'  2455590.72899338 1.008530 8.850E-4  0.89  -4.70 1.10  8.97 2.60
r'  2455590.73005438 1.008291 8.820E-4  1.06  -5.24 1.10  7.50 2.71
r'  2455590.73112738 1.007938 8.780E-4  0.01  -4.74 1.09  7.21 2.64
r'  2455590.73221638 1.006533 8.790E-4  0.33  -4.62 1.09  7.34 2.58
r'  2455590.73328938 1.006239 8.740E-4  0.98  -5.06 1.09  7.36 2.70
r'  2455590.73435238 1.006184 8.810E-4  0.60  -4.07 1.09  7.97 2.68
r'  2455590.73543138 1.008856 8.780E-4  0.19  -3.73 1.09  7.50 2.68
r'  2455590.73649438 1.006689 8.790E-4  0.59  -3.46 1.09  7.46 2.68
r'  2455590.73755838 1.007123 8.730E-4  1.09  -5.02 1.08  7.37 2.77
r'  2455590.73863838 1.007054 8.740E-4  0.22  -4.48 1.08  7.95 2.58
r'  2455590.73971438 1.008178 8.740E-4  0.38  -4.44 1.08  7.89 2.83
r'  2455590.74078138 1.008574 8.760E-4  0.23  -3.95 1.08  7.69 2.61
r'  2455590.74185138 1.009068 8.800E-4  0.03  -4.81 1.08  8.28 2.52
r'  2455590.74296538 1.007391 8.710E-4  0.14  -3.38 1.08  8.14 2.77
r'  2455590.74403038 1.008117 8.770E-4  0.97  -4.59 1.07  7.54 2.51
r'  2455590.74511238 1.007774 8.750E-4  0.31  -3.54 1.07  8.37 2.60
r'  2455590.74619538 1.007872 8.710E-4  0.29  -4.28 1.07  7.92 2.71
r'  2455590.74726838 1.008514 8.720E-4  0.03  -2.89 1.07  8.03 2.65
r'  2455590.74837338 1.007921 8.700E-4  0.15  -3.97 1.07  8.48 2.60
r'  2455590.74944838 1.007822 8.820E-4  0.87  -2.29 1.07  9.54 2.55
r'  2455590.75056038 1.008530 8.730E-4  0.71  -3.24 1.07  8.85 2.80
r'  2455590.75163238 1.008105 8.750E-4  1.78  -2.22 1.07  8.77 2.72
r'  2455590.75271138 1.007058 8.700E-4  1.15  -4.45 1.07  8.08 2.52
r'  2455590.75378238 1.007275 8.720E-4  1.46  -3.75 1.06  8.36 2.66
r'  2455590.75483938 1.008022 8.760E-4  1.47  -3.56 1.06  8.58 2.51
r'  2455590.75589638 1.009693 8.770E-4  1.77  -2.26 1.06  9.41 2.75
r'  2455590.75695738 1.006173 8.760E-4  1.00  -4.20 1.06  8.74 2.64
r'  2455590.75807638 1.005525 8.720E-4  1.62  -2.80 1.06  8.84 2.66
r'  2455590.75915038 1.009167 8.760E-4  1.47  -3.78 1.06  8.00 2.79
r'  2455590.76021238 1.007804 8.710E-4  1.71  -2.91 1.06  8.68 2.64
r'  2455590.76128038 1.007160 8.710E-4  1.42  -3.51 1.06  8.87 2.71
r'  2455590.76242538 1.009685 8.820E-4  2.13  -2.17 1.06 10.27 2.55
r'  2455590.76359438 1.009571 8.780E-4  2.23  -2.90 1.06  8.29 2.73
r'  2455590.76466738 1.009438 8.820E-4  3.01  -1.07 1.06  9.73 2.87
r'  2455599.59946623 0.998018 1.567E-3  5.65 -11.02 1.72  7.08 1.90
r'  2455599.60267823 1.000471 1.562E-3  5.95 -11.49 1.68  7.26 2.21
r'  2455599.60374123 0.999598 1.543E-3  6.54 -10.69 1.67  7.41 2.04
r'  2455599.60480323 1.002239 1.540E-3  5.29 -11.69 1.66  7.38 2.01
r'  2455599.60585723 0.999912 1.536E-3  6.47 -10.91 1.64  7.38 1.83
r'  2455599.60691623 0.998183 1.520E-3  5.15 -12.07 1.63  7.27 2.12
r'  2455599.60796523 1.003187 1.533E-3  6.73 -10.56 1.62  7.06 2.12
r'  2455599.60903023 1.000747 1.514E-3  6.17 -10.47 1.61  7.50 2.11
r'  2455599.61009323 0.999431 1.515E-3  7.24 -10.39 1.60  7.26 2.04
r'  2455599.61115023 1.000736 1.510E-3  5.72 -11.89 1.59  7.94 2.20
r'  2455599.61224323 1.001609 1.498E-3  6.41 -10.96 1.57  7.67 2.03
r'  2455599.61330123 1.001021 1.493E-3  4.85 -11.33 1.56  8.60 2.14
r'  2455599.61436623 0.999014 1.483E-3  6.13 -10.65 1.55  8.97 2.32
r'  2455599.61546423 1.000345 1.477E-3  5.81 -12.42 1.54  8.57 2.20
r'  2455599.61652923 0.994641 1.465E-3  5.35 -12.45 1.53  8.72 2.20
r'  2455599.61758523 0.992402 1.468E-3  5.20 -11.88 1.52  9.25 2.11
r'  2455599.61865123 0.994109 1.465E-3  5.20 -10.85 1.51  8.70 2.11
r'  2455599.61970223 0.990528 1.453E-3  4.00 -11.94 1.50  8.32 2.01
r'  2455599.62075723 0.986992 1.438E-3  3.83 -11.60 1.49  8.32 2.21
r'  2455599.62180823 0.984926 1.438E-3  4.21 -12.21 1.48  8.03 2.03
r'  2455599.62286423 0.979353 1.421E-3  3.90 -12.51 1.47  7.97 2.13
r'  2455599.62392423 0.979592 1.425E-3  3.84 -12.32 1.46  8.57 2.20
r'  2455599.62500223 0.977091 1.407E-3  3.20 -12.47 1.46  9.18 2.33
r'  2455599.62608123 0.974377 1.413E-3  3.52 -12.83 1.45  8.81 2.11
r'  2455599.62719123 0.975599 1.409E-3  3.60 -12.77 1.44  8.78 1.92
r'  2455599.62826623 0.973795 1.404E-3  3.07 -12.62 1.43  9.01 2.11
r'  2455599.62932723 0.971930 1.394E-3  2.31 -12.41 1.42  8.78 2.03
r'  2455599.63038923 0.972771 1.391E-3  2.40 -11.94 1.41  8.60 2.01
r'  2455599.63143923 0.974703 1.399E-3  2.69 -12.62 1.41  7.29 2.11
r'  2455599.63250323 0.972906 1.387E-3  3.39 -13.59 1.40  7.22 2.22
r'  2455599.63355223 0.972283 1.384E-3  2.71 -14.51 1.39  7.61 2.11
r'  2455599.63462223 0.968576 1.374E-3  2.11 -13.47 1.38  7.63 2.21
r'  2455599.63567923 0.971285 1.375E-3  2.36 -13.30 1.38  7.80 2.42
r'  2455599.63674923 0.970975 1.372E-3  3.36 -12.98 1.37  7.69 2.12
r'  2455599.63781923 0.969760 1.367E-3  3.38 -13.21 1.36  8.07 2.10
r'  2455599.63889223 0.975030 1.373E-3  2.92 -12.71 1.35  7.74 2.11
r'  2455599.63995723 0.972913 1.366E-3  2.57 -12.64 1.35  7.68 2.15
r'  2455599.64105923 0.971161 1.361E-3  2.37 -13.28 1.34  7.53 2.01
r'  2455599.64211423 0.971680 1.358E-3  1.96 -12.95 1.33  6.99 2.33
r'  2455599.64324423 0.970440 1.362E-3  1.28 -12.63 1.33  7.34 2.12
r'  2455599.64431223 0.970993 1.352E-3  1.29 -12.85 1.32  7.45 2.21
r'  2455599.64538523 0.973162 1.340E-3  3.06 -12.29 1.31  7.46 2.17
r'  2455599.64645023 0.975602 1.350E-3  2.69 -12.83 1.31  7.40 2.23
r'  2455599.64751123 0.972207 1.346E-3  2.36 -13.27 1.30  7.53 2.22
r'  2455599.64859423 0.972162 1.347E-3  2.24 -12.74 1.30  7.96 1.93
r'  2455599.64964323 0.973991 1.346E-3  2.93 -13.42 1.29  7.56 2.20
r'  2455599.65069823 0.975414 1.337E-3  2.29 -12.51 1.28  7.70 2.31
r'  2455599.65176523 0.976128 1.340E-3  2.66 -12.65 1.28  7.39 2.22
r'  2455599.65282123 0.976598 1.338E-3  2.63 -12.82 1.27  7.63 1.99
r'  2455599.65388823 0.979456 1.343E-3  2.52 -13.34 1.27  6.92 2.40
r'  2455599.65495323 0.979528 1.338E-3  1.94 -13.47 1.26  6.77 2.23
r'  2455599.65601723 0.982188 1.341E-3  2.36 -12.97 1.26  6.91 2.34
r'  2455599.65707123 0.981077 1.337E-3  1.44 -12.95 1.25  7.36 2.03
r'  2455599.65812823 0.985453 1.351E-3  1.98 -13.43 1.25  7.36 2.01
r'  2455599.65919223 0.986633 1.350E-3  1.49 -12.66 1.24  7.96 2.21
r'  2455599.66023623 0.989830 1.356E-3  1.64 -12.78 1.24  7.82 2.20
r'  2455599.66129123 0.992276 1.343E-3  0.38 -13.24 1.23  7.34 2.21
r'  2455599.66234923 0.994131 1.345E-3  0.91 -13.73 1.23  7.39 2.21
r'  2455599.66340923 0.996715 1.345E-3 -0.05 -14.14 1.22  7.58 2.40
r'  2455599.66450423 0.998670 1.353E-3  0.86 -13.40 1.22  7.52 2.32
r'  2455599.66557523 1.000106 1.346E-3  0.31 -13.75 1.21  7.48 2.21
r'  2455599.66662923 0.998822 1.345E-3  0.54 -13.30 1.21  7.95 2.35
r'  2455599.66769923 0.999141 1.348E-3  0.98 -13.47 1.21  7.14 2.21
r'  2455599.66876523 0.999795 1.337E-3  2.17 -13.24 1.20  7.14 2.19
r'  2455599.66983223 0.998541 1.339E-3  1.41 -12.51 1.20  7.58 2.31
r'  2455599.67088723 1.001060 1.337E-3  1.81 -12.61 1.19  7.26 2.22
r'  2455599.67194823 0.999468 1.338E-3  1.31 -12.33 1.19  7.30 2.12
r'  2455599.67301423 0.999832 1.344E-3  1.73 -12.37 1.19  7.35 2.22
r'  2455599.67406723 1.001876 1.336E-3  1.26 -12.28 1.18  7.16 2.29
r'  2455599.67513123 1.000203 1.329E-3  2.11 -13.13 1.18  7.50 2.12
r'  2455599.67618823 1.001022 1.330E-3  1.67 -12.58 1.17  7.13 2.21
r'  2455599.67723823 0.998854 1.335E-3  2.36 -12.40 1.17  7.30 2.21
r'  2455599.67835323 0.998470 1.328E-3  2.27 -11.53 1.17  7.84 2.22
r'  2455599.67941423 0.998738 1.337E-3  2.22 -11.87 1.16  8.02 2.02
r'  2455599.68046723 0.998559 1.328E-3  1.32 -12.47 1.16  7.65 2.25
r'  2455599.68153123 0.999008 1.334E-3  1.23 -14.31 1.16  7.74 2.25
r'  2455599.68258523 1.000063 1.320E-3  1.45 -13.38 1.15  7.64 2.03
r'  2455599.68367423 0.999431 1.333E-3  2.31 -11.47 1.15  7.30 2.34
r'  2455599.68472723 1.001127 1.328E-3  1.99 -11.03 1.15  7.12 2.23
r'  2455599.68585123 1.000923 1.327E-3  2.74 -12.19 1.14  6.97 2.20
r'  2455599.68692723 1.000703 1.314E-3  3.79 -10.92 1.14  7.76 2.12
r'  2455599.68799023 0.999900 1.329E-3  4.51 -11.69 1.14  7.51 2.21
r'  2455599.68904423 0.999786 1.321E-3  3.37 -10.51 1.13  7.24 2.41
r'  2455599.69011223 1.001336 1.319E-3  2.46 -12.00 1.13  7.32 2.21
r'  2455599.69118423 1.000484 1.316E-3  2.06 -11.19 1.13  7.32 2.21
r'  2455599.69223723 1.000251 1.321E-3  2.36 -12.26 1.13  8.00 2.21
r'  2455599.69329123 1.000266 1.322E-3  1.31 -12.17 1.12  7.75 2.11
r'  2455599.69435423 1.001152 1.310E-3  1.00 -13.10 1.12  8.05 2.25
r'  2455599.69541123 0.999498 1.320E-3  0.35 -12.83 1.12  7.82 2.04
r'  2455599.69646323 1.000583 1.319E-3  0.94 -12.17 1.12  7.61 2.20
r'  2455599.69754423 0.998559 1.312E-3 -0.17 -11.56 1.11  7.55 2.30
r'  2455599.69859623 1.001264 1.316E-3  0.30 -12.48 1.11  7.18 2.04
r'  2455599.69965523 0.999121 1.309E-3 -0.15 -12.58 1.11  7.95 2.14
r'  2455599.70072523 1.000085 1.304E-3  0.35 -12.17 1.11  7.94 2.13
r'  2455599.70178423 1.000195 1.313E-3  0.49 -11.92 1.10  7.99 2.33
r'  2455599.70285223 0.998944 1.304E-3  1.77 -12.31 1.10  7.68 2.41
r'  2455599.70392623 0.999606 1.305E-3  1.25 -12.39 1.10  7.27 2.41
r'  2455599.70502523 1.001079 1.304E-3  2.99 -12.59 1.10  7.20 2.51
r'  2455599.70611423 0.998647 1.299E-3  3.06 -12.11 1.10  7.19 2.32
r'  2455599.70717323 1.000334 1.307E-3  3.52 -11.83 1.09  7.22 2.41
r'  2455599.70822523 0.999538 1.300E-3  2.67 -10.92 1.09  7.44 2.32
r'  2455599.70927623 1.000119 1.303E-3  2.37 -12.05 1.09  7.88 2.30
r'  2455599.71033823 1.001212 1.302E-3  2.01 -10.99 1.09  7.62 2.43
r'  2455599.71140623 1.001539 1.293E-3  2.37 -11.52 1.09  7.19 2.48
r'  2455599.71247923 1.000616 1.301E-3  2.00 -11.43 1.09  7.30 2.42
r'  2455599.71354523 0.998754 1.297E-3  2.05 -12.17 1.08  7.76 2.41
r'  2455599.71463723 1.000509 1.301E-3  1.56 -11.65 1.08  7.23 2.21
