5606.701821   0.999295   0.000874   -4.46   -2.35  1.04     5.02
5606.702897   1.001716   0.000882   -2.66   -4.69  1.04     6.42
5606.703964   0.997247   0.000870   -0.50   -4.70  1.04     5.74
5606.705039   0.998585   0.000876    0.69   -5.09  1.04     5.16
5606.706094   0.998876   0.000875    0.85   -2.83  1.04     5.08
5606.707159   0.997974   0.000876    1.98   -4.90  1.04     5.10
5606.708224   0.999945   0.000879    1.52   -4.06  1.04     4.34
5606.709277   0.998082   0.000876    2.74   -5.37  1.04     4.42
5606.710328   1.001290   0.000883    2.15   -3.45  1.04     5.12
5606.711387   1.000187   0.000874    2.26   -4.96  1.04     5.09
5606.712443   0.997975   0.000874    1.67   -3.44  1.04     4.84
5606.713497   1.000827   0.000874    2.39   -3.88  1.04     4.99
5606.714556   0.999570   0.000875    1.55   -1.86  1.04     4.89
5606.715616   1.000630   0.000877    2.82   -2.00  1.04     5.78
5606.716686   1.000266   0.000872    1.91   -2.50  1.04     5.05
5606.717817   0.999533   0.000869    2.72   -3.58  1.04     5.60
5606.718896   1.001654   0.000877    2.04   -2.07  1.04     5.23
5606.719960   1.001108   0.000875    3.03   -3.25  1.04     5.28
5606.721033   1.000505   0.000868    2.10   -2.95  1.04     5.48
5606.722118   1.000832   0.000874    2.91   -4.35  1.04     5.65
5606.723172   1.001311   0.000872    1.55   -2.85  1.04     4.78
5606.724240   1.001301   0.000876    2.27   -3.80  1.04     4.87
5606.725248   0.999470   0.000960    1.58   -2.21  1.04     4.39
5606.726194   1.001202   0.000955    2.32   -3.66  1.04     4.12
5606.727148   1.000646   0.000963    1.32   -2.69  1.04     4.17
5606.728129   0.999440   0.000957    2.30   -3.26  1.04     4.00
5606.729080   0.997829   0.000951    1.62   -1.94  1.04     5.14
5606.730028   1.001352   0.000965    2.33   -2.56  1.04     5.18
5606.730990   1.000381   0.000954    1.84   -1.50  1.04     4.75
5606.731940   0.999414   0.000962    2.81   -2.81  1.04     3.54
5606.732932   1.001650   0.000954    1.36   -2.47  1.04     3.27
5606.733891   1.004008   0.000958    1.89   -3.60  1.04     4.84
5606.734842   1.001406   0.000961    1.12   -2.73  1.04     4.35
5606.735787   1.001744   0.000959    1.51   -3.66  1.04     4.93
5606.736729   0.999181   0.000965    0.68   -1.86  1.05     4.52
5606.737687   0.998912   0.000961    1.33   -2.60  1.05     4.15
5606.738630   0.999955   0.000967    1.03   -2.48  1.05     3.96
5606.739576   0.996568   0.000954    2.35   -2.45  1.05     3.65
5606.740570   0.997621   0.000964    1.39   -1.17  1.05     4.06
5606.741535   0.998377   0.000954    2.41   -1.56  1.05     3.86
5606.742493   0.997120   0.000962    1.28   -1.52  1.05     3.89
5606.743445   0.994839   0.000962    1.31   -2.53  1.05     3.07
5606.744389   0.993847   0.000958    0.78   -2.02  1.05     4.15
5606.745339   0.993127   0.000954    2.08   -2.29  1.05     4.59
5606.746302   0.992538   0.000962    0.52   -1.39  1.05     4.03
5606.747236   0.989200   0.000959    0.99   -1.49  1.05     4.00
5606.748185   0.987293   0.000952    0.32   -1.48  1.05     3.80
5606.749198   0.986919   0.000958    0.58   -2.30  1.06     3.80
5606.750168   0.985884   0.000949    0.13   -2.13  1.06     4.19
5606.751127   0.985253   0.000959    0.56   -3.25  1.06     3.59
5606.752074   0.981822   0.000956   -0.11   -2.07  1.06     3.73
5606.753085   0.981501   0.000952    0.34   -2.95  1.06     4.17
5606.754020   0.977744   0.000951   -0.11   -2.61  1.06     4.00
5606.755012   0.981493   0.000953    1.08   -2.82  1.06     4.43
5606.756013   0.978516   0.000948    0.46   -1.50  1.06     3.93
5606.756968   0.979312   0.000951    0.91   -2.28  1.06     4.27
5606.757922   0.979663   0.000947    0.17   -1.94  1.07     3.33
5606.758884   0.980818   0.000960    0.52   -3.38  1.07     4.11
5606.759830   0.979269   0.000954    0.00   -1.55  1.07     3.84
5606.760781   0.979980   0.000962    0.79   -1.74  1.07     4.34
5606.761784   0.977869   0.000952   -0.15   -1.67  1.07     5.50
5606.762772   0.979566   0.000950    0.81   -2.58  1.07     4.24
5606.763725   0.978800   0.000956   -0.27   -2.08  1.07     4.02
5606.764682   0.978695   0.000947    0.31   -2.82  1.07     4.04
5606.765650   0.976359   0.000954    0.15   -1.65  1.08     4.43
5606.766595   0.977987   0.000957    0.48   -2.27  1.08     3.98
5606.767567   0.977618   0.000954   -0.07   -1.71  1.08     4.70
5606.768516   0.979023   0.000954    0.66   -2.46  1.08     3.98
5606.769458   0.975960   0.000955   -0.61   -1.26  1.08     4.21
5606.770413   0.977923   0.000950    0.31   -2.19  1.08     4.35
5606.771372   0.977608   0.000950    0.13   -1.69  1.08     3.29
5606.772371   0.977862   0.000960    0.64   -2.75  1.09     3.57
5606.773314   0.978498   0.000959   -0.49   -1.53  1.09     4.19
5606.774264   0.977163   0.000954    0.04   -2.55  1.09     4.22
5606.775229   0.980716   0.000962   -0.15   -2.16  1.09     3.98
5606.776175   0.978916   0.000954    0.11   -2.85  1.09     3.69
5606.777099   0.977646   0.001014   -0.42   -1.16  1.09     4.06
5606.778009   0.980077   0.001019    0.21   -2.45  1.10     3.51
5606.778901   0.980572   0.001018   -0.90   -2.66  1.10     4.29
5606.779802   0.977200   0.001019   -0.09   -3.31  1.10     3.57
5606.780679   0.978551   0.001018   -0.69   -1.70  1.10     3.19
5606.781571   0.980657   0.001016    0.78   -2.26  1.10     3.23
5606.782465   0.979641   0.001019   -0.28   -1.46  1.10     3.90
5606.783345   0.978936   0.001010   -0.26   -1.76  1.11     3.40
5606.784248   0.979502   0.001017   -1.24   -1.26  1.11     3.96
5606.785159   0.979305   0.001023   -1.30   -1.27  1.11     3.92
5606.786053   0.979829   0.001019   -0.98   -1.10  1.11     4.18
5606.786937   0.980593   0.001018   -1.10   -2.06  1.11     3.65
5606.787825   0.977450   0.001031   -0.76   -1.95  1.12     3.77
5606.788715   0.978797   0.001025   -0.22   -2.70  1.12     3.88
5606.789606   0.979153   0.001022   -0.99   -1.52  1.12     3.72
5606.790488   0.977916   0.001029   -0.59   -2.21  1.12     3.43
5606.791398   0.979320   0.001021   -0.96   -0.96  1.12     4.03
5606.792290   0.980486   0.001030   -0.28   -1.54  1.13     3.47
5606.793183   0.982200   0.001040   -1.18   -1.46  1.13     3.91
5606.794073   0.979074   0.001024   -0.78   -2.05  1.13     4.07
5606.794974   0.982085   0.001027   -1.15   -1.16  1.13     3.97
5606.795874   0.984033   0.001032   -0.98   -1.71  1.13     3.33
5606.796793   0.982625   0.001033   -1.89   -1.20  1.14     3.38
5606.797675   0.987715   0.001040   -1.39   -1.88  1.14     4.20
5606.798568   0.987688   0.001037   -1.74   -1.38  1.14     4.16
5606.799495   0.989437   0.001038   -1.08   -2.02  1.14     4.37
5606.800394   0.990382   0.001054   -0.85   -1.09  1.15     4.02
5606.801278   0.992670   0.001052   -0.62   -2.07  1.15     3.32
5606.802165   0.995479   0.001055   -1.92   -1.02  1.15     4.15
5606.803045   0.995470   0.001061   -1.93   -1.38  1.15     3.92
5606.803927   0.996445   0.001053   -1.62   -0.77  1.16     4.96
5606.804832   0.997837   0.001062   -1.59   -2.05  1.16     4.05
5606.805739   0.998102   0.001062   -1.64   -1.64  1.16     4.21
5606.806634   1.000822   0.001067   -1.43   -1.36  1.16     3.55
5606.807525   0.998523   0.001052   -1.68   -1.54  1.17     3.77
5606.808449   0.999470   0.001057   -1.98   -1.50  1.17     4.48
5606.809353   1.000365   0.001059   -2.04   -1.03  1.17     3.80
5606.810237   1.000058   0.001067   -1.65   -1.41  1.17     3.94
5606.811112   1.000123   0.001075   -2.06   -1.05  1.18     3.37
5606.812027   0.997702   0.001059   -1.44   -1.29  1.18     3.70
5606.812932   1.000480   0.001075   -1.72   -0.85  1.18     3.47
5606.813810   1.000116   0.001077   -1.96   -1.33  1.19     3.67
5606.814700   0.999281   0.001073   -3.17   -0.36  1.19     4.31
5606.815650   1.000070   0.001071   -1.95   -0.79  1.19     4.00
5606.816552   1.000199   0.001065   -1.14   -1.36  1.19     3.49
5606.817480   0.999733   0.001021   -1.22   -1.58  1.20     3.89
5606.818424   0.999988   0.001021   -2.24   -1.09  1.20     4.57
5606.819379   0.999923   0.001018   -2.49   -1.30  1.20     4.29
5606.820342   0.997947   0.001023   -2.35   -0.58  1.21     4.33
5606.821294   0.999206   0.001024   -2.04   -1.05  1.21     3.91
5606.822253   1.002690   0.001028   -3.01   -1.33  1.21     4.48
5606.823200   1.000959   0.001028   -2.93   -1.74  1.22     4.46
5606.824148   0.997404   0.001027   -1.76   -1.89  1.22     4.55
5606.825141   1.000976   0.001035   -1.74   -1.86  1.23     4.29
5606.826099   0.998612   0.001033   -2.18   -0.12  1.23     3.79
5606.827077   1.000463   0.001031   -2.92   -1.36  1.23     4.54
5606.828084   0.997818   0.001036   -3.33   -1.62  1.24     3.98
5606.829026   1.001437   0.001046   -2.75   -1.90  1.24     4.38
5606.829972   0.997598   0.001046   -2.09   -1.59  1.24     4.52
5606.830913   1.002699   0.001049   -2.41   -1.63  1.25     3.99
5606.831886   0.999637   0.001044   -3.38   -0.72  1.25     4.51
5606.832851   1.001734   0.001047   -2.84   -1.15  1.26     3.92
5606.833814   1.000042   0.001056   -2.16   -1.26  1.26     4.29
5606.834776   1.001471   0.001045   -1.91   -1.70  1.26     4.23
5606.835807   0.999414   0.000954   -2.27   -0.50  1.27     5.36
5606.836922   0.997485   0.000958   -2.51   -0.64  1.27     4.59
5606.837993   0.999389   0.000967   -2.87   -1.45  1.28     5.77
5606.839063   1.000803   0.000966   -2.98   -2.17  1.28     5.34
5606.840135   1.000782   0.000971   -2.18   -1.67  1.29     5.92
5606.841188   1.001413   0.000972   -2.28   -1.40  1.29     5.00
5606.842263   1.000305   0.000977   -3.26   -0.88  1.30     5.37
5606.843319   0.997445   0.000967   -2.92   -1.99  1.30     6.16
5606.844383   1.000055   0.000979   -2.92   -1.41  1.31     5.45
5606.845438   0.998393   0.000980   -2.33   -1.23  1.31     5.29
5606.846494   0.999580   0.000982   -2.16   -1.43  1.32     4.16
5606.847557   1.002284   0.000980   -2.08   -1.80  1.32     4.21
5606.848628   1.001115   0.000989   -2.46   -0.29  1.33     5.42
5606.849690   0.999089   0.000992   -3.11   -1.52  1.34     5.59
5606.850769   1.001971   0.000995   -2.81   -0.79  1.34     5.28
5606.851932   1.000423   0.001000   -3.00   -1.59  1.35     5.97
5680.463511   1.000740   0.000649    0.89   -3.23  1.07   671.30
5680.465175   1.000714   0.000600   -0.94   -2.79  1.06   591.01
5680.466590   1.001064   0.000595   -2.65   -1.33  1.06   493.89
5680.468043   0.999729   0.000592   -3.76   -1.34  1.06   431.77
5680.469451   1.001124   0.000592   -5.43    0.07  1.06   392.57
5680.470886   1.000240   0.000590   -5.80   -2.49  1.06   369.84
5680.473730   1.000358   0.000587   -7.23   -3.54  1.06   337.62
5680.475154   1.001171   0.000585   -9.35   -3.84  1.05   336.89
5680.476584   1.000579   0.000584   -7.40   -4.13  1.05   341.88
5680.478002   1.000795   0.000584   -9.50   -3.61  1.05   337.60
5680.479427   1.000521   0.000584   -6.54   -2.84  1.05   336.92
5680.480847   1.000404   0.000581   -8.62   -2.47  1.05   327.35
5680.482287   1.000086   0.000581   -6.34   -2.33  1.05   332.20
5680.483707   1.000202   0.000581   -7.98   -2.48  1.05   320.66
5680.485130   1.000890   0.000581   -5.17   -3.76  1.05   321.52
5680.486557   1.000383   0.000579   -7.93   -3.29  1.04   320.42
5680.487987   1.000886   0.000581   -5.99   -1.99  1.04   319.71
5680.489406   0.999739   0.000580   -7.95   -1.02  1.04   322.23
5680.490820   1.000753   0.000579   -4.29   -2.09  1.04   317.66
5680.492238   0.999767   0.000579   -6.37   -1.74  1.04   321.46
5680.493668   1.000449   0.000579   -5.19   -3.49  1.04   320.40
5680.495091   1.001127   0.000580   -8.12   -2.73  1.04   328.97
5680.496518   0.999000   0.000579   -5.14   -2.20  1.04   323.28
5680.497947   0.999414   0.000579   -7.32   -1.96  1.04   320.97
5680.499369   0.998262   0.000579   -4.16   -3.07  1.04   322.78
5680.500855   0.999901   0.000579   -6.75   -2.51  1.04   327.06
5680.502265   0.998695   0.000579   -5.07   -2.75  1.04   328.88
5680.503690   1.000177   0.000580   -7.95   -2.32  1.04   337.74
5680.505110   1.001527   0.000580   -5.45   -3.23  1.04   348.54
5680.506530   1.000560   0.000580   -7.93   -2.65  1.04   347.51
5680.507992   1.001510   0.000579   -5.92   -2.58  1.04   337.01
5680.509581   1.001625   0.000580   -8.76   -4.16  1.04   335.98
5680.510998   1.002189   0.000579   -6.13   -3.45  1.04   339.05
5680.512500   0.999697   0.000578   -8.89   -3.75  1.04   335.99
5680.513928   0.999101   0.000613   -4.51   -2.88  1.04   302.73
5680.515238   1.001271   0.000613   -6.08   -2.96  1.04   300.90
5680.516557   1.000222   0.000612   -3.01   -2.08  1.04   293.46
5680.517865   0.999148   0.000612   -5.56   -2.04  1.04   290.70
5680.519184   0.999431   0.000613   -4.17   -1.48  1.04   295.56
5680.520494   0.999249   0.000613   -7.35   -1.46  1.04   303.95
5680.521807   0.998588   0.000613   -4.15   -2.65  1.04   305.43
5680.523118   0.999611   0.000614   -6.32   -1.90  1.04   301.05
5680.524415   0.999585   0.000613   -4.63   -1.73  1.04   290.88
5680.525706   0.999033   0.000613   -6.06   -1.60  1.04   284.19
5680.527033   0.999115   0.000612   -3.11   -2.69  1.04   275.52
5680.529622   1.000552   0.000612   -4.83   -2.81  1.04   265.78
5680.530944   0.999039   0.000610   -6.11   -2.96  1.04   256.84
5680.532236   0.999078   0.000611   -4.16   -2.43  1.04   253.83
5680.533549   0.999880   0.000611   -6.04   -3.10  1.04   252.56
5680.534839   0.999426   0.000614   -4.35   -3.42  1.05   250.76
5680.536160   0.999585   0.000614   -6.09   -3.51  1.05   245.32
5680.537475   0.998380   0.000613   -3.80   -2.56  1.05   241.94
5680.538796   0.998985   0.000615   -5.25   -2.88  1.05   245.43
5680.540094   0.999578   0.000615   -4.45   -2.55  1.05   243.96
5680.541407   0.999358   0.000615   -6.05   -3.32  1.05   242.86
5680.542710   0.997496   0.000616   -4.57   -2.24  1.05   251.30
5680.544037   0.999136   0.000616   -5.71   -2.24  1.05   251.86
5680.545341   0.998813   0.000615   -4.80   -2.59  1.05   252.60
5680.546649   0.999026   0.000617   -7.13   -3.46  1.06   253.30
5680.548015   0.999009   0.000617   -5.25   -3.79  1.06   255.49
5680.549322   0.998581   0.000616   -7.36   -4.35  1.06   260.81
5680.550680   1.000342   0.000617   -4.18   -1.95  1.06   271.82
5680.551995   1.000256   0.000618   -5.73   -2.24  1.06   273.07
5680.553294   1.000812   0.000619   -3.78   -2.52  1.06   276.83
5680.554601   1.000679   0.000619   -5.35   -2.19  1.06   281.03
5680.555930   1.000864   0.000622   -3.72   -2.87  1.07   291.40
5680.557228   0.999411   0.000622   -5.37   -2.92  1.07   302.91
5680.558535   0.998711   0.000622   -3.97   -2.61  1.07   310.11
5680.559830   0.999411   0.000622   -5.49   -1.81  1.07   306.27
5680.561130   0.999408   0.000622   -3.99   -2.24  1.07   302.37
5680.562428   1.001424   0.000623   -5.27   -1.85  1.07   311.15
5680.563743   0.999328   0.000625   -3.94   -3.12  1.08   314.08
5680.565041   0.999221   0.000625   -5.27   -2.97  1.08   308.26
5680.566333   1.000183   0.000625   -4.59   -2.58  1.08   311.13
5680.567648   1.000392   0.000626   -5.40   -2.47  1.08   315.08
5680.568998   1.001345   0.000626   -4.36   -2.46  1.08   309.45
5680.570300   1.000469   0.000629   -5.47   -2.40  1.09   306.07
5680.571609   1.000065   0.000629   -4.69   -3.16  1.09   306.11
5680.572922   1.000315   0.000629   -5.82   -3.44  1.09   308.40
5680.574226   0.999422   0.000630   -4.77   -3.94  1.09   303.08
5680.575538   0.999224   0.000632   -6.13   -3.25  1.10   296.70
5680.576869   0.999860   0.000631   -5.18   -1.82  1.10   297.23
5680.578161   0.999696   0.000631   -6.00   -0.60  1.10   288.23
5680.579501   1.000798   0.000631   -3.79   -1.87  1.10   275.03
5680.580811   0.999918   0.000633   -5.68   -2.33  1.11   265.96
5680.582132   1.000631   0.000633   -5.05   -4.79  1.11   259.13
5680.583435   0.999781   0.000633   -6.63   -4.76  1.11   249.01
5680.584741   0.998977   0.000632   -5.25   -2.84  1.11   249.35
5680.586077   0.999244   0.000636   -6.22   -1.94  1.12   251.82
5680.587414   0.999068   0.000636   -4.02   -2.04  1.12   254.44
5680.588715   0.999243   0.000637   -5.35   -1.66  1.12   253.20
5680.590034   1.000584   0.000641   -4.70   -3.27  1.13   250.76
5680.591355   1.000380   0.000640   -5.06   -2.40  1.13   253.02
5680.592673   1.000020   0.000640   -3.21   -2.60  1.13   250.49
5680.593983   0.999516   0.000643   -4.52   -2.34  1.14   246.81
5680.595296   1.000046   0.000644   -4.17   -3.05  1.14   248.99
5680.596609   0.999280   0.000643   -4.84   -3.21  1.14   249.89
5680.597912   1.001285   0.000649   -4.11   -4.18  1.15   252.61
5680.599225   0.999958   0.000648   -4.88   -3.83  1.15   254.41
5680.600546   0.999743   0.000648   -3.98   -3.12  1.15   257.86
5680.601895   1.000438   0.000652   -5.28   -3.05  1.16   263.26
5680.603213   1.000915   0.000653   -5.47   -3.15  1.16   269.54
5680.604542   1.000222   0.000652   -6.72   -3.21  1.16   270.27
5680.605843   1.001172   0.000657   -5.46   -3.56  1.17   273.06
5680.607150   1.000218   0.000657   -6.87   -3.94  1.17   280.42
5680.608473   1.001152   0.000661   -5.32   -3.23  1.18   275.35
5680.609768   1.000604   0.000661   -6.52   -2.83  1.18   266.71
5680.611085   1.000536   0.000661   -4.17   -3.08  1.18   273.70
5687.558748   1.001270   0.000671    5.29    4.81  1.10   338.77
5687.560017   0.999765   0.000670    6.30    5.56  1.10   331.22
5687.561339   1.001231   0.000676    5.39    5.29  1.11   332.10
5687.562582   0.999935   0.000674    6.12    5.45  1.11   324.51
5687.563827   1.000405   0.000674    5.17    4.40  1.11   332.97
5687.565043   0.999974   0.000674    6.48    5.22  1.11   334.08
5687.566285   1.001171   0.000680    7.20    6.26  1.12   333.07
5687.567501   0.998785   0.000678    7.75    7.14  1.12   330.21
5687.568723   1.000532   0.000680    6.37    4.75  1.12   332.56
5687.569934   0.999790   0.000678    6.35    4.90  1.12   333.83
5687.571194   1.000326   0.000681    5.19    4.58  1.13   343.05
5687.572421   1.000263   0.000682    5.35    4.91  1.13   350.08
5687.573661   0.999888   0.000686    5.56    5.12  1.13   355.03
5687.574900   1.000235   0.000689    5.44    5.39  1.14   357.07
5687.576138   0.998952   0.000688    5.72    4.41  1.14   361.17
5687.577384   1.000716   0.000688    5.84    5.04  1.14   354.46
5687.578630   1.001176   0.000694    5.34    5.20  1.15   351.68
5687.579906   0.999690   0.000691    5.45    5.35  1.15   346.46
5687.581129   1.000481   0.000692    5.65    4.06  1.15   350.91
5687.582337   0.999721   0.000695    6.05    4.73  1.16   353.07
5687.583559   0.999072   0.000695    6.01    5.02  1.16   349.99
5687.584838   1.000243   0.000699    5.86    5.75  1.16   356.85
5687.586066   1.000703   0.000700    5.11    5.55  1.17   351.39
5687.587282   0.998383   0.000701    5.32    5.78  1.17   355.47
5687.588516   0.999982   0.000701    6.48    4.79  1.17   354.04
5687.589721   1.000130   0.000706    5.90    4.91  1.18   361.29
5687.590939   0.999546   0.000706    4.97    4.07  1.18   367.66
5687.592156   0.999569   0.000708    5.32    4.51  1.19   361.75
5687.593422   1.000660   0.000710    6.11    4.92  1.19   355.62
5687.594651   0.999808   0.000710    6.34    4.68  1.19   364.08
5687.595873   0.998212   0.000713    6.52    4.86  1.20   359.66
5687.597081   0.998807   0.000712    6.33    5.29  1.20   354.83
5687.598319   0.999324   0.000719    5.34    4.56  1.21   366.21
5687.599533   0.999672   0.000716    5.27    4.80  1.21   361.41
5687.600761   1.000365   0.000722    5.71    5.21  1.22   346.74
5687.602004   0.998183   0.000720    6.34    5.89  1.22   354.10
5687.603233   0.999437   0.000725    5.95    5.32  1.23   352.16
5687.604450   0.998618   0.000724    5.84    5.71  1.23   340.76
5687.605698   0.999272   0.000724    5.84    4.47  1.23   339.95
5687.606931   0.999453   0.000730    5.00    4.85  1.24   337.91
5687.608175   0.999930   0.000729    5.33    5.29  1.24   336.38
5687.609386   1.000339   0.000736    4.17    5.30  1.25   325.51
5687.610619   0.999307   0.000731    5.32    3.87  1.25   316.66
5687.611860   0.999070   0.000740    5.46    4.87  1.26   326.33
5687.613125   0.999115   0.000737    5.65    5.03  1.26   324.76
5687.614357   0.999551   0.000741    5.48    5.54  1.27   320.18
5687.615632   0.999326   0.000747    6.85    4.80  1.28   325.51
5687.616864   0.999510   0.000747    6.23    4.64  1.28   313.95
5687.618115   0.998278   0.000751    6.13    4.56  1.29   321.01
5687.619363   0.998159   0.000750    5.75    5.11  1.29   316.74
5687.620603   1.000247   0.000757    5.32    5.14  1.30   322.13
5687.621814   0.999075   0.000757    4.71    5.28  1.30   320.50
5687.623039   1.000279   0.000761    5.70    4.87  1.31   319.78
5687.624257   0.999795   0.000767    5.49    4.89  1.32   326.79
5687.625480   0.998131   0.000765    6.37    4.27  1.32   325.81
5687.626703   0.999788   0.000771    4.77    4.06  1.33   320.30
5687.627954   0.999162   0.000775    4.61    4.85  1.34   313.65
5687.629179   0.999401   0.000776    4.28    5.31  1.34   314.90
5687.630418   0.999329   0.000782    6.96    4.44  1.35   304.79
5687.631651   0.998953   0.000785    6.39    5.48  1.36   295.57
5687.632930   1.000024   0.000786    5.81    6.03  1.36   295.88
5687.634154   0.999850   0.000792    4.84    6.13  1.37   299.70
5687.635456   0.999277   0.000796    5.76    3.97  1.38   291.18
5687.637906   0.999870   0.000802    6.02    4.38  1.39   283.95
5687.639110   0.999160   0.000807    5.70    5.56  1.40   293.99
5687.640347   1.000349   0.000813    5.07    5.64  1.41   288.08
5687.641565   1.000184   0.000813    4.80    5.45  1.41   302.70
5687.642790   0.998124   0.000821    7.51    4.03  1.42   325.43
5687.644003   0.997532   0.000824    7.60    4.78  1.43   328.77
5687.645225   0.999854   0.000832    5.59    4.91  1.44   334.55
5687.646455   1.000821   0.000835    5.95    5.84  1.44   330.75
5687.647679   0.999476   0.000839    6.81    4.86  1.45   341.71
5687.648889   1.000419   0.000846    6.21    4.43  1.46   356.84
5687.650125   0.999747   0.000850    5.23    4.69  1.47   349.21
5687.651348   1.000361   0.000857    5.30    5.02  1.48   354.89
5687.652596   1.000339   0.000863    5.76    3.67  1.49   347.68
5687.653811   0.999793   0.000873    6.22    4.04  1.50   373.16
5687.655035   1.000552   0.000878    6.20    4.76  1.51   380.42
5687.656246   1.000300   0.000879    6.45    5.09  1.51   380.86
5687.657460   1.000126   0.000885    6.46    4.63  1.52   386.65
5687.658676   1.000498   0.000889    7.48    5.41  1.53   368.55
5687.659902   0.999616   0.000896    6.36    6.08  1.54   362.92
5687.661123   1.000055   0.000902    6.75    6.00  1.55   370.98
5687.662362   0.999793   0.000906    5.96    3.50  1.56   364.41
5687.663575   0.998815   0.000915    6.57    3.91  1.57   373.08
5687.664819   1.000196   0.000923    5.84    5.20  1.58   365.96
5687.666043   1.002145   0.000929    6.96    4.95  1.59   353.68
5687.667293   1.000446   0.000942    6.41    4.23  1.61   355.50
5687.668510   1.000004   0.000947    7.39    4.67  1.62   361.48
5687.669771   1.000861   0.000956    6.17    4.80  1.63   361.67
5687.671001   0.999370   0.000961    6.64    4.60  1.64   366.86
5687.672267   1.000574   0.000967    5.11    4.51  1.65   354.80
5687.673480   1.001181   0.000977    6.99    5.54  1.66   350.64
5687.674699   1.000743   0.000992    8.16    5.41  1.68   358.74
5687.675905   0.999795   0.001001   10.31    5.92  1.69   378.63
5687.677159   1.001466   0.001006    6.13    5.07  1.70   387.89
5687.678378   1.000038   0.001012    7.71    5.51  1.71   387.10
5687.679601   1.000898   0.001026    5.68    3.60  1.73   379.52
5687.680811   1.000773   0.001033    8.01    4.56  1.74   379.09
5687.682044   1.000986   0.001043    6.63    5.26  1.75   369.65
5687.683261   0.999638   0.001054    8.58    6.38  1.77   365.34
5687.684493   1.000243   0.001061    6.47    5.54  1.78   375.45
5687.685731   0.999609   0.001069    9.19    6.35  1.79   373.54
5687.686964   1.001044   0.001087    5.81    4.26  1.81   382.21
5687.688183   0.999985   0.001094    9.08    5.23  1.82   390.42
5687.689570   1.000347   0.001110    8.03    4.90  1.84   401.84
5687.690775   0.999784   0.001116   11.77    5.88  1.85   394.55
5687.691998   1.001580   0.001137    5.32    3.56  1.87   394.73
5687.693207   1.002390   0.001153    8.40    4.32  1.89   394.32
5687.694429   0.999496   0.001159    6.17    6.58  1.90   391.03
5687.696862   1.002344   0.001187    7.10    3.86  1.93   387.25
5687.698075   1.001264   0.001202   10.01    4.68  1.95   398.18
5687.699293   1.000761   0.001218    3.88    4.55  1.97   403.14
5687.700529   1.000370   0.001234    9.54    6.24  1.99   394.15
5687.701759   1.002126   0.001254   10.83    6.49  2.01   421.93
5687.703013   0.999758   0.001261   15.54    7.01  2.02   418.94
5687.704233   1.000661   0.001278    3.87    2.80  2.04   426.44
5687.705461   1.001562   0.001298    8.98    4.87  2.06   447.34
5687.706700   1.000130   0.001316    5.77    4.40  2.08   452.94
5687.707911   1.000260   0.001333   11.35    6.14  2.10   449.16
5985.752186   1.001245   0.000823    2.63   -0.83  1.12   208.49
5985.753167   0.999572   0.000823    1.41   -0.38  1.12   207.45
5985.754335   1.000394   0.000649    3.86   -0.56  1.12   332.14
5985.755697   1.001160   0.000654    3.48    0.58  1.13   339.54
5985.757017   0.999406   0.000650    7.98    0.36  1.13   328.29
5985.758344   1.000003   0.000649    7.74    1.33  1.13   325.38
5985.759680   1.000191   0.000653    9.92   -0.31  1.14   329.62
5985.760817   0.999317   0.000829   10.03    0.37  1.14   206.34
5985.761796   0.998251   0.000829   11.17   -1.19  1.14   211.91
5985.762807   1.000551   0.000835   10.23   -0.83  1.15   214.23
5985.763786   1.000288   0.000835   10.48   -1.76  1.15   208.55
5985.764766   1.001548   0.000835   10.52   -1.26  1.15   204.59
5985.765751   1.000670   0.000835   10.22   -1.89  1.15   210.25
5985.766756   1.001464   0.000841   10.35   -1.14  1.16   217.34
5985.767733   0.998760   0.000839   10.14   -1.10  1.16   219.24
5985.768707   0.999391   0.000841   10.52    0.16  1.16   216.94
5985.769677   1.000173   0.000841    9.48   -1.14  1.16   220.03
5985.770668   0.998755   0.000846    9.59   -0.43  1.17   227.65
5985.771644   0.999182   0.000846    9.90   -1.89  1.17   224.40
5985.773284   0.999856   0.000850    9.86   -0.40  1.18   215.38
5985.774960   0.999190   0.000850    9.86    0.10  1.18   224.62
5985.776793   1.002311   0.000858   10.04    1.11  1.19   221.49
5985.778116   0.998981   0.000854   10.98   -1.19  1.19   216.10
5985.779171   1.000185   0.000854   10.09   -0.53  1.19   213.22
5985.780194   1.001443   0.000860    9.35   -0.89  1.20   212.69
5985.781157   0.999540   0.000859    9.53   -0.24  1.20   213.38
5985.782210   1.000022   0.000860   10.11   -1.90  1.20   215.45
5985.783231   0.999980   0.000864    9.78   -1.31  1.21   213.54
5985.784352   0.999374   0.000864    9.95   -1.14  1.21   213.63
5985.785332   0.999582   0.000871    9.24   -0.63  1.22   219.94
5985.786321   1.000435   0.000871    9.47   -1.19  1.22   221.05
5985.787444   0.999268   0.000868    9.11   -1.01  1.22   213.66
5985.788424   1.000282   0.000873    9.60   -1.60  1.23   205.12
5985.789404   1.001264   0.000874    9.28   -0.96  1.23   211.85
5985.790386   0.998644   0.000875    9.45   -1.16  1.23   225.49
5985.791368   0.999086   0.000882    9.48   -0.72  1.24   230.54
5985.792387   1.000844   0.000882   10.36   -1.53  1.24   224.10
5985.793368   1.000108   0.000886   10.10   -1.02  1.25   218.69
5985.794341   0.999180   0.000886   10.46   -1.08  1.25   221.70
5985.795363   0.999968   0.000887    9.99   -0.38  1.25   228.01
5985.796375   0.998103   0.000891    9.31   -0.88  1.26   224.98
5985.797392   0.999517   0.000891    9.34   -0.50  1.26   220.37
5985.798370   0.999304   0.000897    9.88   -2.21  1.27   224.74
5985.799454   0.999675   0.000897   10.01   -1.93  1.27   223.36
5985.800451   0.998753   0.000901   10.15   -1.06  1.28   220.10
5985.801477   0.999572   0.000902   10.05   -0.87  1.28   220.81
5985.802511   1.000626   0.000909   10.14   -0.99  1.29   221.31
5985.803499   0.996926   0.000906   10.32   -0.28  1.29   221.47
5985.804469   1.000810   0.000916    9.04   -1.40  1.30   223.76
5985.805516   0.999483   0.000914    9.21   -0.67  1.30   226.99
5985.806501   0.998332   0.000915    9.85   -0.92  1.30   231.69
5985.807630   0.999614   0.000921   10.33   -0.44  1.31   227.02
5985.808672   0.999318   0.000925   10.55   -1.47  1.32   223.05
5985.809753   0.999689   0.000926   11.29   -0.58  1.32   220.69
5985.810748   1.001917   0.000932   10.12   -1.25  1.33   220.78
5985.811776   1.001568   0.000932    9.93   -0.70  1.33   222.60
5985.812849   1.000931   0.000938    8.04   -0.91  1.34   220.53
5985.813836   0.998093   0.000937    8.69   -0.40  1.34   220.37
5985.814828   0.999463   0.000943   12.10   -1.15  1.35   222.74
5985.815812   1.000167   0.000943   11.09   -1.30  1.35   220.04
5985.816833   1.001666   0.000951    9.57   -1.06  1.36   220.73
5985.817801   1.000056   0.000951   10.09   -1.50  1.36   221.47
5985.818813   0.998642   0.000955   10.47   -2.02  1.37   222.81
5985.819792   0.999698   0.000963   10.18   -2.08  1.38   229.31
5985.820842   0.999924   0.000965    9.48   -1.95  1.38   235.97
5985.821820   0.999079   0.000969    9.32   -1.06  1.39   232.99
5985.822842   0.999875   0.000969    9.10    0.22  1.39   222.82
5985.823810   0.999594   0.000974    8.25    0.20  1.40   217.84
5985.824794   0.999379   0.000976    8.59   -2.47  1.40   227.26
5985.825777   0.997844   0.000982    8.13   -1.69  1.41   232.57
5985.826776   1.000046   0.000991   10.02   -0.70  1.42   225.86
5985.827767   0.998253   0.000987   10.14   -0.87  1.42   223.35
5985.828767   1.001163   0.000997   10.88   -1.97  1.43   231.76
5985.829740   0.999708   0.001004   10.05   -1.58  1.44   239.52
5985.830724   1.000138   0.001005    9.00   -1.30  1.44   239.86
5985.831722   0.999724   0.001011    8.63   -0.77  1.45   238.85
5985.832711   0.999534   0.001020    8.82   -0.88  1.46   242.70
5985.833701   0.999444   0.001021    9.34    0.18  1.46   253.26
5985.834731   1.000045   0.001025   11.72   -0.12  1.47   249.23
5985.835748   0.999555   0.001031   11.18   -1.32  1.48   246.40
5985.836746   1.002562   0.001036    8.60   -2.62  1.48   250.88
5985.837769   0.998390   0.001041    8.51   -2.49  1.49   256.37
5985.838755   1.000235   0.001048   10.53   -0.91  1.50   258.69
5985.839728   0.997891   0.001055    9.00   -1.12  1.51   253.52
5985.840734   0.999469   0.001057    7.57   -2.41  1.51   238.72
5985.841733   0.999673   0.001062    6.76   -2.87  1.52   232.97
5985.842734   1.000022   0.001069   10.89   -1.55  1.53   241.08
5985.843729   0.999107   0.001075   11.56   -1.75  1.54   241.05
5985.844749   1.000407   0.001083   12.04   -1.31  1.55   233.52
5985.845735   1.002479   0.001085   12.43   -1.78  1.55   232.11
5985.846803   1.000075   0.001091   10.01   -1.70  1.56   240.81
5985.847876   1.000446   0.001099   11.47   -1.57  1.57   240.70
5985.848896   0.999563   0.001104   10.87   -0.81  1.58   233.93
5985.849897   1.000769   0.001114   11.58   -0.04  1.59   238.36
5985.850918   0.999177   0.001121   10.06    0.19  1.60   248.15
5985.851885   1.002147   0.001131   11.42    0.62  1.61   253.84
5985.852984   0.998709   0.001136    9.98   -0.68  1.62   254.01
5985.853968   1.000461   0.001138   11.24   -0.08  1.62   255.66
5985.854962   1.000978   0.001144    9.43   -0.76  1.63   248.60
5985.855956   1.002190   0.001152    9.15   -0.07  1.64   237.61
5985.856951   1.000877   0.001158    8.53   -0.30  1.65   231.84
5985.858017   1.001811   0.001168    8.86    0.50  1.66   234.20
5985.859064   1.000429   0.001175    9.78   -0.83  1.67   239.78
5985.860063   0.999970   0.001184    9.74   -0.57  1.68   247.49
5985.861067   0.999844   0.001193   10.65   -1.58  1.69   251.44
5985.862068   1.000082   0.001202   10.34   -2.08  1.70   248.37
5985.863074   1.000525   0.001211    9.30   -2.88  1.71   248.94
5985.864069   1.000909   0.001220    9.72   -2.40  1.72   250.66
5985.865155   1.001978   0.001239   10.13   -1.29  1.74   256.28
5985.866161   1.000005   0.001244   10.61   -0.86  1.75   255.11
5985.867144   1.000251   0.001254   10.34   -1.15  1.76   259.42
5985.868138   1.000395   0.001264   11.51   -0.10  1.77   268.07
5985.869117   1.000823   0.001275   10.82   -0.83  1.78   272.08
5985.870110   0.999103   0.001281   11.14   -0.22  1.79   269.16
5985.871139   1.000719   0.001291    9.24   -0.93  1.80   266.95
5985.872192   1.002452   0.001312   10.93   -0.43  1.82   274.51
5997.579334   1.000205   0.000579   -1.67   -7.13  1.09   475.90
5997.580872   0.999958   0.000576   -1.12   -7.34  1.09   482.34
5997.582424   0.999674   0.000576   -2.84   -7.54  1.09   489.91
5997.584006   0.999824   0.000574   -2.64   -7.63  1.08   501.48
5997.585545   0.999556   0.000573   -4.47   -6.98  1.08   504.14
5997.587080   1.000201   0.000575   -4.88   -5.94  1.08   498.93
5997.588670   0.998911   0.000575   -5.36   -6.66  1.08   504.92
5997.590213   1.000181   0.000572   -5.71   -6.75  1.07   504.35
5997.591739   0.999887   0.000571   -5.40   -8.04  1.07   494.67
5997.593275   1.000715   0.000572   -5.63   -9.03  1.07   498.66
5997.594849   1.000219   0.000571   -5.69   -7.52  1.07   486.93
5997.596424   0.999896   0.000571   -5.71   -7.00  1.07   486.34
5997.597969   1.001161   0.000570   -5.00   -6.44  1.06   494.81
5997.599510   1.000871   0.000569   -5.75   -6.53  1.06   481.05
5997.601042   1.000646   0.000569   -4.68   -7.21  1.06   482.42
5997.602612   1.001462   0.000570   -4.60   -6.80  1.06   477.67
5997.604145   0.999243   0.000569   -3.48   -7.00  1.06   470.05
5997.605695   1.000371   0.000570   -3.08   -7.07  1.06   472.99
5997.607239   0.999325   0.000566   -2.92   -7.73  1.05   467.76
5997.608806   0.999436   0.000566   -3.47   -7.79  1.05   475.71
5997.610362   1.001362   0.000565   -4.18   -8.00  1.05   461.78
5997.611906   1.000691   0.000566   -5.48   -7.94  1.05   471.85
5997.613474   1.001535   0.000566   -4.31   -6.57  1.05   449.76
5997.615079   1.001271   0.000566   -4.71   -6.21  1.05   443.83
5997.616693   0.999578   0.000565   -3.87   -6.23  1.05   438.75
5997.618261   0.999683   0.000565   -3.51   -5.91  1.05   434.94
5997.619814   1.000775   0.000562   -3.30   -7.81  1.04   434.02
5997.621374   1.000583   0.000562   -3.92   -7.35  1.04   432.13
5997.622913   0.999387   0.000561   -3.71   -6.12  1.04   431.92
5997.624448   1.000744   0.000561   -3.90   -6.91  1.04   425.80
5997.625986   0.999262   0.000560   -4.31   -8.47  1.04   417.59
5997.627543   1.000397   0.000560   -4.40   -8.91  1.04   406.87
5997.629060   0.999368   0.000559   -4.03   -6.78  1.04   404.42
5997.630599   0.999796   0.000560   -3.72   -7.55  1.04   409.43
5997.632173   0.999919   0.000559   -3.54   -7.26  1.04   406.45
5997.633701   0.998516   0.000559   -3.43   -7.63  1.04   408.30
5997.635236   1.000138   0.000559   -3.53   -6.14  1.04   401.73
5997.636773   0.998646   0.000558   -4.04   -5.77  1.04   399.08
5997.638306   0.999963   0.000558   -4.64   -5.88  1.04   393.44
5997.639841   0.999212   0.000558   -4.99   -6.38  1.04   387.14
5997.641389   1.000127   0.000558   -4.91   -6.90  1.04   383.65
5997.642953   1.001262   0.000558   -5.38   -7.44  1.04   382.35
5997.644503   0.998920   0.000557   -5.82   -7.52  1.04   381.53
5997.646043   1.000546   0.000557   -5.39   -7.72  1.04   383.40
5997.647588   1.000080   0.000557   -4.46   -6.43  1.04   376.38
5997.649107   0.999501   0.000557   -4.52   -6.98  1.04   375.80
5997.650679   1.000013   0.000557   -4.16   -6.96  1.04   375.59
5997.652223   1.001203   0.000558   -4.22   -7.38  1.04   377.83
5997.653825   1.001422   0.000558   -4.04   -6.64  1.04   375.12
5997.655372   0.999551   0.000556   -4.50   -6.63  1.04   379.85
5997.656917   0.999894   0.000556   -4.15   -7.34  1.04   375.46
5997.658453   0.998913   0.000558   -3.67   -7.33  1.04   382.94
5997.659980   1.001186   0.000557   -3.90   -6.42  1.04   366.70
5997.661546   1.000294   0.000558   -3.84   -6.60  1.04   369.17
5997.663132   1.000096   0.000557   -3.94   -6.57  1.04   368.04
5997.666219   0.998320   0.000558   -4.40   -6.79  1.04   374.27
5997.667760   1.000378   0.000560   -4.35   -7.00  1.05   379.49
5997.669304   1.000056   0.000561   -4.08   -6.82  1.05   375.26
5997.670846   0.998552   0.000560   -3.82   -7.15  1.05   361.74
5997.672433   1.000304   0.000559   -3.82   -7.94  1.05   364.16
5997.673973   1.000262   0.000559   -3.79   -7.89  1.05   368.37
5997.675498   0.999193   0.000560   -4.78   -6.77  1.05   370.57
5997.677041   0.999997   0.000559   -4.93   -7.03  1.05   371.53
5997.678585   1.001112   0.000559   -5.41   -6.38  1.05   363.67
5997.680109   1.000247   0.000562   -5.11   -6.76  1.06   368.84
5997.681646   1.000851   0.000562   -5.20   -6.99  1.06   367.99
5997.683236   1.000682   0.000562   -5.33   -7.02  1.06   368.69
5997.684770   0.999910   0.000561   -5.29   -7.03  1.06   366.29
5997.686347   0.999675   0.000560   -5.47   -7.10  1.06   359.25
5997.687916   1.000310   0.000561   -5.16   -6.32  1.06   364.49
5997.689500   0.999527   0.000563   -5.14   -6.32  1.07   360.78
5997.691038   1.000281   0.000564   -3.70   -7.33  1.07   365.45
5997.692564   0.999153   0.000563   -4.21   -6.99  1.07   356.75
5997.694092   0.999315   0.000562   -4.99   -7.11  1.07   361.08
5997.695651   1.000034   0.000565   -5.03   -6.97  1.08   358.12
5997.697182   0.999389   0.000565   -4.71   -7.59  1.08   354.79
5997.698724   1.000802   0.000566   -4.46   -7.52  1.08   353.61
5997.700263   0.999839   0.000566   -3.89   -7.57  1.08   353.51
5997.701864   0.999708   0.000565   -4.05   -7.01  1.08   352.61
5997.703406   0.998859   0.000568   -4.85   -6.49  1.09   352.64
5997.705011   0.999962   0.000568   -4.28   -6.08  1.09   356.47
5997.706589   0.999630   0.000569   -4.17   -6.95  1.09   365.13
5997.708125   1.000141   0.000571   -3.09   -6.07  1.10   361.66
5997.709672   1.000299   0.000571   -3.78   -6.95  1.10   355.86
5997.711214   1.000288   0.000571   -3.32   -6.12  1.10   346.42
5997.712778   1.000729   0.000571   -4.26   -7.21  1.10   342.88
5997.714328   0.999338   0.000573   -4.34   -7.09  1.11   340.34
5997.715957   0.999706   0.000574   -5.03   -8.94  1.11   342.87
5997.717504   1.000210   0.000573   -4.34   -8.31  1.11   337.50
5997.719042   0.999478   0.000576   -4.76   -7.01  1.12   336.79
5997.720590   1.000696   0.000577   -5.17   -6.84  1.12   334.32
5997.722158   0.999480   0.000580   -5.16   -8.53  1.13   337.20
6001.507543   1.000515   0.000829   -8.13   -9.33  1.27   393.32
6001.508723   0.997950   0.000905   -7.77  -10.48  1.27   359.57
6001.509839   0.999340   0.000922   -8.33  -10.73  1.26   360.50
6001.510917   0.997927   0.000987   -7.05  -10.14  1.26   306.69
6001.511997   0.997561   0.000963   -7.39  -11.23  1.25   296.30
6001.513015   1.000464   0.000953   -5.32  -10.14  1.25   292.76
6001.514028   1.000602   0.000937   -5.92   -9.93  1.25   292.54
6001.514985   1.002266   0.001008   -6.09   -9.65  1.24   249.48
6001.515875   1.000130   0.001002   -6.75   -9.74  1.24   249.83
6001.516757   0.999060   0.000994   -7.69   -9.76  1.23   245.90
6001.517648   1.000367   0.000994   -8.06  -10.27  1.23   245.26
6001.518560   1.001483   0.000994   -6.79   -9.74  1.23   244.93
6001.519449   1.001588   0.000990   -6.85  -10.08  1.22   245.49
6001.520338   1.001149   0.000990   -6.14  -10.54  1.22   242.86
6001.521231   0.999891   0.000988   -6.59  -10.47  1.22   245.64
6001.522211   1.001064   0.000987   -6.82  -10.10  1.21   251.58
6001.523109   1.002071   0.000987   -7.18   -9.63  1.21   254.78
6001.523999   1.000311   0.000987   -5.42   -9.57  1.21   255.38
6001.524940   0.999402   0.000982   -6.64   -9.30  1.20   255.02
6001.525819   1.002219   0.000985   -7.59   -9.87  1.20   258.14
6001.526712   0.998506   0.000986   -6.95  -11.18  1.20   260.50
6001.527617   0.998967   0.000982   -6.14  -10.02  1.20   259.76
6001.528553   1.001113   0.000981   -6.19  -11.02  1.19   261.41
6001.529446   1.000437   0.000980   -6.90  -10.98  1.19   259.30
6001.530341   1.001102   0.000981   -6.56  -11.41  1.19   261.61
6001.531314   1.000879   0.000976   -6.46   -9.83  1.18   261.04
6001.532208   1.002278   0.000975   -7.41   -9.67  1.18   256.11
6001.533086   0.999488   0.000973   -7.53   -9.65  1.18   254.90
6001.533973   1.000375   0.000972   -7.05   -9.94  1.18   251.90
6001.534877   1.000892   0.000970   -5.95  -10.06  1.17   256.71
6001.535765   1.000088   0.000967   -6.54  -10.28  1.17   253.77
6001.536653   0.999893   0.000966   -6.47  -10.25  1.17   251.02
6001.537553   1.000065   0.000962   -6.44  -10.60  1.16   252.04
6001.538522   1.000359   0.000963   -6.33  -11.05  1.16   248.37
6001.539417   0.999448   0.000962   -6.30   -9.94  1.16   246.81
6001.540371   0.998614   0.000962   -6.58   -9.53  1.16   240.67
6001.541263   0.999639   0.000957   -5.79   -9.11  1.15   234.52
6001.542149   0.999650   0.000957   -5.73  -10.32  1.15   230.01
6001.543078   0.999493   0.000955   -6.24  -10.37  1.15   229.47
6001.544015   1.002882   0.000958   -5.68  -10.31  1.15   224.98
6001.544928   0.999770   0.000953   -6.67   -9.51  1.14   224.32
6001.545799   1.000342   0.000952   -6.75  -10.25  1.14   224.30
6001.546738   1.000188   0.000952   -6.82  -10.05  1.14   222.59
6001.547628   1.001641   0.000959   -5.87   -9.49  1.14   221.72
6001.548510   1.000223   0.000950   -5.95   -9.72  1.13   221.61
6001.549472   1.002218   0.000949   -6.00   -9.65  1.13   219.60
6001.550372   0.999624   0.000946   -6.57   -8.94  1.13   218.04
6001.551324   0.998894   0.000943   -7.40   -9.72  1.13   214.70
6001.552224   1.000538   0.000944   -8.08  -11.11  1.13   212.07
6001.553129   1.000262   0.000940   -7.89  -10.75  1.12   210.23
6001.554032   0.999484   0.000940   -6.27   -9.32  1.12   211.00
6001.554926   1.002250   0.000941   -5.89   -9.74  1.12   212.29
6001.555862   1.000407   0.000941   -6.68   -9.82  1.12   212.89
6001.556818   1.001049   0.000941   -6.61  -10.38  1.12   214.69
6001.557720   1.000705   0.000938   -6.56  -11.30  1.11   214.74
6001.558681   1.001681   0.000938   -5.53  -11.29  1.11   214.06
6001.559590   1.000053   0.000934   -6.55   -9.62  1.11   211.28
6001.560505   1.001296   0.000935   -6.27  -10.09  1.11   210.74
6001.561394   1.002379   0.000937   -6.32   -9.75  1.11   211.45
6001.562330   0.999374   0.000930   -6.00  -10.10  1.10   210.46
6001.563255   0.999869   0.000930   -6.55   -9.95  1.10   210.66
6001.564206   0.997715   0.000928   -6.77  -10.41  1.10   213.37
6001.565091   0.999605   0.000931   -7.01   -9.86  1.10   218.24
6001.566046   0.999705   0.000931   -6.73  -10.55  1.10   218.75
6001.567006   1.000354   0.000929   -7.41  -10.26  1.09   215.24
6001.567896   0.998786   0.000928   -7.36  -11.62  1.09   215.07
6001.568866   0.997978   0.000925   -7.54  -10.66  1.09   213.83
6001.569784   0.998490   0.000928   -7.16  -10.39  1.09   214.07
6001.570698   0.999017   0.000927   -7.11   -9.87  1.09   211.30
6001.571612   0.998740   0.000925   -7.09  -10.21  1.09   209.45
6001.572516   0.999841   0.000925   -7.14   -9.73  1.09   207.95
6001.573417   0.998199   0.000921   -7.35  -10.14  1.08   206.56
6001.574320   0.999381   0.000924   -6.56   -9.38  1.08   206.62
6001.575324   1.000097   0.000921   -6.64   -9.94  1.08   204.55
6001.576316   0.999415   0.000921   -7.37  -10.51  1.08   205.69
6001.577318   0.998861   0.000921   -7.06  -10.73  1.08   207.03
6001.578366   0.998979   0.000921   -6.72   -9.65  1.08   207.38
6001.579347   0.999158   0.000918   -6.88  -10.28  1.07   205.29
6001.580332   0.999099   0.000917   -7.53  -10.53  1.07   204.57
6001.581285   1.000438   0.000918   -7.05  -10.81  1.07   204.40
6001.582225   1.002707   0.000921   -6.34  -10.00  1.07   205.04
6001.583214   1.001336   0.000921   -6.89  -10.41  1.07   208.05
6001.584218   1.000020   0.000920   -6.64  -10.34  1.07   210.53
6001.585258   1.000371   0.000920   -6.39  -10.56  1.07   209.30
6001.586271   0.999715   0.000918   -6.52   -9.68  1.07   208.09
6001.587298   1.000557   0.000917   -6.71  -10.14  1.06   207.47
6001.588293   0.999613   0.000916   -7.29   -9.85  1.06   206.64
6001.589320   1.000460   0.000921   -7.36   -9.74  1.06   208.40
6001.590318   0.999540   0.000920   -6.67  -10.11  1.06   210.90
6001.591282   1.001589   0.000921   -6.61  -10.52  1.06   210.22
6001.592219   1.002179   0.000922   -7.29  -11.16  1.06   210.14
6001.593128   0.999530   0.000920   -7.61  -11.17  1.06   211.34
6001.594080   1.001111   0.000920   -5.43  -10.81  1.06   210.32
6001.595078   0.999352   0.000919   -6.16  -10.99  1.06   214.50
6001.596043   1.000193   0.000918   -6.53   -9.88  1.05   215.78
6001.597037   0.999993   0.000920   -7.51   -9.98  1.05   215.50
6001.598127   0.999457   0.000917   -6.82   -9.81  1.05   212.88
6001.599159   0.999393   0.000918   -6.68   -9.35  1.05   214.41
6001.600189   0.999508   0.000921   -8.13   -9.82  1.05   214.81
6001.601216   0.999629   0.000921   -7.45   -9.95  1.05   213.20
6001.602097   0.998699   0.000920   -7.17   -9.95  1.05   211.13
6001.603077   1.000645   0.000922   -7.36  -10.43  1.05   210.49
6001.604096   0.999214   0.000920   -6.33  -10.81  1.05   209.54
6001.605050   0.999548   0.000921   -7.56  -11.97  1.05   206.76
6001.606035   0.998155   0.000917   -8.20   -9.62  1.05   201.83
6001.606964   0.998496   0.000915   -8.00  -10.54  1.05   196.83
6001.607980   0.999285   0.000914   -7.80  -10.00  1.05   191.98
6001.609004   0.997241   0.000909   -7.49  -10.13  1.04   187.17
6001.610001   0.999316   0.000909   -6.99  -10.48  1.04   183.83
6001.611032   1.001568   0.000912   -7.24  -11.34  1.04   181.38
6001.612038   0.998800   0.000908   -6.45  -10.57  1.04   179.36
6001.612930   0.999028   0.000909   -6.49  -10.49  1.04   181.45
6001.613866   0.997957   0.000907   -7.43   -8.92  1.04   185.40
6001.614764   0.998191   0.000908   -7.45   -9.42  1.04   184.02
6001.615680   0.999606   0.000909   -7.37  -10.55  1.04   182.79
6001.616582   0.997029   0.000908   -7.71  -10.62  1.04   184.08
6001.617503   0.998410   0.000910   -7.82  -10.64  1.04   185.61
6001.618390   0.998795   0.000908   -7.88  -10.22  1.04   181.64
6001.619271   0.999105   0.000908   -6.96   -9.91  1.04   178.58
6001.620217   1.000272   0.000909   -6.78  -10.24  1.04   176.38
6001.621163   0.998428   0.000907   -6.11  -10.93  1.04   173.27
6001.622155   1.000249   0.000909   -6.67  -11.05  1.04   174.17
6001.623118   1.000608   0.000910   -6.33  -10.43  1.04   176.24
6001.624087   0.999954   0.000909   -6.64  -10.31  1.04   174.65
6001.625066   1.000092   0.000909   -7.28  -10.20  1.04   172.60
6001.625996   1.001725   0.000908   -7.26  -10.30  1.04   172.89
6001.627050   1.000325   0.000907   -7.08  -10.28  1.04   171.13
6001.628088   0.999943   0.000904   -7.25  -10.62  1.04   168.91
6001.629058   1.000197   0.000905   -8.20  -10.81  1.04   166.93
6001.630037   1.000577   0.000906   -7.19   -9.72  1.04   169.46
6001.630982   1.000018   0.000908   -7.13  -10.89  1.04   172.53
6001.631875   1.000301   0.000908   -7.38   -8.90  1.04   172.43
6001.632815   1.000462   0.000908   -6.76   -9.34  1.04   172.52
6001.633696   0.999107   0.000906   -6.88   -8.19  1.04   170.95
6001.634581   1.001252   0.000909   -7.32   -9.56  1.04   170.56
6001.635465   0.999906   0.000906   -7.46   -8.33  1.04   170.55
6001.636367   0.999954   0.000905   -7.06   -9.71  1.04   169.30
6001.637270   0.998988   0.000906   -7.60   -9.91  1.04   169.83
6001.638283   0.999524   0.000906   -7.68  -10.91  1.04   170.30
6001.639172   0.999238   0.000905   -8.44  -10.70  1.04   171.32
6001.640059   0.999090   0.000905   -8.15  -10.43  1.04   171.88
6001.640953   0.999045   0.000906   -7.88  -10.91  1.04   173.58
6001.641845   0.997151   0.000903   -7.60  -10.97  1.04   172.82
6001.642765   0.998007   0.000903   -8.22  -10.41  1.04   171.61
6001.643646   0.999054   0.000904   -7.24   -9.92  1.04   169.50
6001.644540   0.999183   0.000904   -7.50  -10.13  1.04   169.52
6001.645436   1.001256   0.000905   -6.92  -10.54  1.04   170.42
6001.646324   0.999243   0.000903   -6.83  -10.86  1.04   173.07
6001.647218   1.000385   0.000904   -6.19  -10.34  1.04   172.71
6001.648102   0.998011   0.000902   -5.80  -10.74  1.04   172.85
6001.649049   1.001047   0.000905   -6.26  -11.32  1.04   171.89
6001.649971   0.999695   0.000904   -6.50  -11.06  1.04   171.50
6001.650888   1.001133   0.000904   -6.97   -9.01  1.04   168.93
6001.651784   1.001428   0.000905   -6.43   -9.50  1.04   167.79
6001.652681   1.000605   0.000904   -7.09  -11.33  1.04   166.29
6001.653571   1.001084   0.000905   -6.98  -10.41  1.04   165.04
6001.654474   0.999313   0.000905   -6.54   -9.42  1.04   167.41
6001.656271   0.999536   0.000908   -7.68   -9.78  1.05   166.10
6001.657176   1.001076   0.000909   -6.58   -9.73  1.05   166.20
6001.658063   0.999642   0.000908   -7.01  -10.83  1.05   165.51
6001.658956   1.000178   0.000910   -6.55  -10.33  1.05   164.73
6001.659846   1.001283   0.000911   -7.35  -10.05  1.05   164.97
6001.660736   1.001005   0.000910   -7.09  -10.04  1.05   166.08
6001.661632   1.001665   0.000910   -7.65   -9.88  1.05   164.04
6001.662520   0.998927   0.000908   -7.76  -10.69  1.05   163.50
6001.663447   1.001452   0.000907   -7.95  -11.61  1.05   162.31
6001.664326   0.999297   0.000906   -8.41  -11.65  1.05   164.87
6001.665205   0.999726   0.000907   -8.35   -9.63  1.05   165.50
6001.666101   1.000578   0.000909   -8.34  -10.52  1.05   165.29
6001.667004   1.000132   0.000909   -7.67  -11.01  1.05   165.18
6001.667893   1.000252   0.000910   -7.41  -10.82  1.06   164.59
6001.668788   1.001494   0.000910   -7.24  -10.48  1.06   164.80
6001.669674   1.000317   0.000910   -8.02  -10.13  1.06   166.18
6001.670567   0.999499   0.000910   -8.22  -10.16  1.06   164.43
6001.671480   1.000122   0.000910   -8.21   -9.71  1.06   163.55
6001.672373   1.000366   0.000910   -6.66  -10.47  1.06   163.35
6001.673271   0.999494   0.000909   -7.09   -9.86  1.06   161.62
6001.674148   0.998637   0.000907   -7.34  -10.20  1.06   159.37
6001.675091   0.999737   0.000907   -6.94   -9.86  1.06   157.42
6001.675983   0.998248   0.000907   -6.16  -10.64  1.06   157.28
6001.676888   1.000378   0.000907   -6.20  -10.57  1.06   156.89
6001.677786   1.000099   0.000911   -6.63  -10.25  1.07   157.07
6001.678664   0.999135   0.000914   -5.87  -10.21  1.07   157.30
6001.679577   1.001155   0.000936   -6.78  -10.04  1.07   161.59
6001.680507   1.005696   0.000975   -6.58   -9.29  1.07   167.31
6001.681421   1.003387   0.000924   -7.10  -10.04  1.07   159.27
6001.682345   1.001274   0.000970   -7.13   -9.01  1.07   167.36
6001.683232   1.000442   0.000935   -7.50   -9.68  1.07   163.04
6001.684120   1.000119   0.000926   -6.82   -9.16  1.07   162.27
6001.685026   0.999224   0.000921   -6.81  -10.31  1.08   159.78
6001.685930   0.998530   0.000934   -7.48  -10.45  1.08   161.38
6001.686845   0.995851   0.000975   -7.94  -11.88  1.08   169.83
6001.688759   1.004266   0.000965   -7.57   -9.75  1.08   171.50
6001.689651   1.001508   0.000926   -7.05   -9.04  1.08   164.51
6001.690551   0.999749   0.000920   -7.15   -9.53  1.08   163.74
6001.691456   0.999762   0.000923   -6.84  -11.22  1.09   166.09
6001.692348   0.997787   0.000921   -6.86  -12.12  1.09   168.80
6001.693247   0.998681   0.000922   -6.64  -11.75  1.09   170.92
6001.694151   0.998531   0.000923   -6.84   -9.42  1.09   170.69
6001.695075   1.000444   0.000926   -6.69   -9.32  1.09   168.30
6001.696006   0.998825   0.000941   -6.70   -9.59  1.09   170.60
6001.696954   1.001552   0.000959   -5.86   -9.84  1.10   173.71
6001.697850   1.001539   0.000968   -6.86  -10.67  1.10   176.46
6001.698792   1.000869   0.000962   -6.27  -11.07  1.10   174.31
6001.700590   1.000021   0.000989   -6.55  -11.16  1.10   176.84
6001.701505   0.998000   0.000986   -7.42  -10.54  1.10   174.37
6001.702403   1.001946   0.000952   -7.34  -10.14  1.11   166.17
6001.703291   1.000106   0.000944   -7.97   -8.72  1.11   163.67
6001.704182   0.999085   0.000931   -7.83   -8.63  1.11   161.48
6001.705105   0.997125   0.000957   -8.03   -9.90  1.11   164.15
6001.706001   0.997965   0.000953   -7.62   -9.96  1.11   159.78
6001.707798   0.995865   0.001039   -6.79  -10.85  1.12   175.84
6001.708691   1.000179   0.001113   -7.17   -9.98  1.12   190.26
6001.709590   1.003645   0.000997   -7.43   -9.91  1.12   169.88
6001.710485   1.000331   0.001005   -8.07  -10.61  1.12   170.72
6001.711371   0.994283   0.001041   -8.14  -10.70  1.13   179.53
6001.712302   1.002675   0.000979   -7.48   -9.60  1.13   166.87
6001.713243   1.000920   0.000960   -6.66   -9.93  1.13   164.85
6001.714224   0.997832   0.001003   -6.09   -9.91  1.13   177.09
6001.715134   0.998912   0.000993   -6.10   -9.94  1.13   177.76
6004.676910   1.002334   0.000683   -2.33    6.63  1.08   304.84
6004.678348   0.999142   0.000686   -1.03    7.92  1.08   305.73
6004.679711   0.999574   0.000687    0.31    7.51  1.08   309.07
6004.681185   1.000728   0.000627    0.50    8.55  1.08   370.24
6004.682798   0.999452   0.000628   -0.73    6.66  1.09   366.59
6004.684387   1.001128   0.000630    0.25    6.90  1.09   367.66
6004.685976   1.000692   0.000630   -2.48    5.79  1.09   367.00
6004.687602   1.000928   0.000630   -2.24    6.11  1.09   364.96
6004.689193   1.000567   0.000631   -3.36    5.99  1.10   356.78
6004.690781   0.999506   0.000632   -2.96    6.42  1.10   355.92
6004.692372   0.998039   0.000630   -4.36    5.94  1.10   350.07
6004.693963   1.000206   0.000633   -4.09    6.84  1.11   348.37
6004.695547   0.998106   0.000633   -3.99    7.67  1.11   363.08
6004.697130   1.001386   0.000637   -3.60    8.82  1.11   401.25
6004.698728   1.000592   0.000643   -3.47    6.15  1.12   436.22
6004.700308   1.000366   0.000642   -2.79    6.13  1.12   435.60
6004.701899   0.999845   0.000641   -2.72    6.18  1.12   423.15
6004.703476   0.999738   0.000642   -1.95    6.21  1.13   409.44
6004.705065   1.000836   0.000642   -3.11    5.84  1.13   409.86
6004.706648   1.000191   0.000642   -2.56    6.07  1.13   418.14
6004.708253   1.000356   0.000646   -1.80    5.62  1.14   429.02
6004.709842   0.999818   0.000645   -1.84    6.13  1.14   420.82
6004.711424   1.000766   0.000648   -2.81    6.22  1.15   427.87
6004.713069   1.000083   0.000647   -2.65    6.76  1.15   418.92
6004.714665   1.000453   0.000652   -3.07    7.16  1.16   437.52
6004.716319   1.001325   0.000650   -2.85    7.04  1.16   420.14
6004.717986   0.999357   0.000651   -3.25    6.20  1.16   427.72
6004.719571   0.998980   0.000652   -3.66    6.39  1.17   425.27
6004.721240   1.000370   0.000653   -3.00    6.37  1.17   430.48
6004.722888   0.999927   0.000655   -3.30    6.60  1.18   425.23
6004.724487   0.998278   0.000655   -3.14    6.25  1.18   434.88
6004.726070   1.000750   0.000659   -3.21    6.56  1.19   439.49
6004.727664   0.999761   0.000662   -2.70    6.18  1.20   441.82
6004.729270   1.000014   0.000662   -3.24    6.16  1.20   443.48
6004.730867   1.000250   0.000665   -3.30    6.44  1.21   440.30
6004.732463   0.999732   0.000666   -3.61    6.48  1.21   440.39
6004.734069   0.998854   0.000667   -2.94    6.09  1.22   439.98
6004.735646   1.001123   0.000669   -2.83    5.53  1.22   439.68
6004.737236   0.998979   0.000671   -2.70    6.19  1.23   446.20
6004.738819   0.999746   0.000674   -3.39    5.88  1.24   436.24
6004.740424   1.000248   0.000676   -3.24    5.81  1.24   439.86
6004.742018   0.998809   0.000679   -3.68    5.14  1.25   441.68
6004.743629   0.998954   0.000682   -2.70    5.71  1.26   444.37
6004.745214   0.999261   0.000682   -3.47    5.69  1.26   446.81
6004.746823   0.999650   0.000686   -2.99    6.87  1.27   450.54
6004.748414   0.999978   0.000689   -3.73    6.86  1.28   456.14
6004.750037   0.999206   0.000689   -2.91    6.94  1.28   458.03
6004.751627   0.999801   0.000693   -3.73    6.48  1.29   458.01
6004.753259   0.999820   0.000696   -2.67    6.18  1.30   457.50
6004.754853   0.999684   0.000700   -4.45    5.64  1.31   462.34
6004.756540   0.999904   0.000700   -4.20    5.87  1.31   461.66
6004.758139   0.998073   0.000702   -5.43    5.86  1.32   459.81
6004.759745   0.998693   0.000706   -2.39    6.60  1.33   456.50
6004.761379   1.000160   0.000709   -3.35    6.43  1.34   459.57
6004.762986   0.999540   0.000714   -2.99    6.49  1.35   467.16
6004.764575   0.998921   0.000717   -4.02    5.89  1.36   464.81
6004.766191   1.000067   0.000718   -2.69    5.81  1.36   464.84
6004.767844   0.998892   0.000721   -3.46    5.80  1.37   468.31
6004.769461   1.000399   0.000725   -2.07    6.53  1.38   467.19
6004.771133   0.999787   0.000729   -2.82    5.73  1.39   472.17
6004.772741   1.000825   0.000733   -3.06    6.23  1.40   475.56
6004.774344   0.999042   0.000736   -4.35    6.04  1.41   480.74
6004.775956   1.000026   0.000740   -2.03    7.01  1.42   485.37
6004.777554   1.000179   0.000745   -3.15    6.70  1.43   484.13
6004.779242   1.000585   0.000750   -3.02    6.44  1.44   491.20
6004.780840   1.000932   0.000757   -3.46    6.49  1.46   493.46
6004.782460   1.001467   0.000761   -0.80    6.99  1.47   496.19
6004.784065   1.000489   0.000765   -1.75    7.12  1.48   504.21
6004.785688   1.000573   0.000770   -2.73    6.74  1.49   510.21
6004.787293   0.999844   0.000773   -3.27    6.76  1.50   510.81
6004.788920   0.999492   0.000777   -1.36    6.34  1.51   514.22
6004.790526   1.000997   0.000787   -2.10    6.33  1.53   525.50
6004.792158   1.000250   0.000790   -2.43    6.55  1.54   533.92
6004.793817   1.000034   0.000795   -2.93    6.52  1.55   535.57
6004.795448   0.999378   0.000803   -2.27    6.26  1.57   549.48
6004.797053   1.001011   0.000810   -1.80    6.17  1.58   555.22
6004.798673   1.001655   0.000815   -1.07    7.09  1.59   564.76
6004.800284   1.000927   0.000824   -0.83    6.46  1.61   572.88
6004.801916   1.000618   0.000828   -1.77    5.91  1.62   580.16
6004.803523   0.999261   0.000837   -0.98    6.25  1.64   583.40
6004.805146   0.999406   0.000843   -1.07    7.22  1.65   577.01
6004.806777   1.000300   0.000853    0.64    7.05  1.67   581.24
6004.808472   1.000480   0.000858   -1.97    6.32  1.68   591.35
6004.810085   1.000399   0.000870   -1.74    6.69  1.70   595.62
6004.811719   0.999630   0.000879   -4.07    6.49  1.72   599.22
6004.813341   1.000078   0.000889   -2.38    6.01  1.74   597.06
