5632.739557   0.999760   0.000723   -4.87   10.97  1.17     8.01
5632.740451   0.999346   0.000728   -3.48   10.91  1.18     9.02
5632.741328   0.999092   0.000727   -5.21   11.07  1.18     8.15
5632.742250   0.998120   0.000726   -4.04   10.87  1.18     8.10
5632.743143   0.999438   0.000731   -5.18    9.31  1.19     8.00
5632.744045   0.999169   0.000731   -4.34    9.37  1.19     7.95
5632.745273   1.001294   0.000516   -5.29    9.34  1.19    16.06
5632.746853   1.000996   0.000520   -4.94   10.40  1.20    15.70
5632.748440   1.001376   0.000520   -5.77   10.19  1.20    16.57
5632.750011   1.000470   0.000523   -5.07   10.15  1.21    15.75
5632.751582   0.998821   0.000524   -6.18    9.82  1.21    18.58
5632.753154   1.000542   0.000527   -6.19    9.28  1.22    15.69
5632.754769   1.000527   0.000532   -6.86    9.82  1.23    17.69
5632.756348   1.001087   0.000531   -5.67   10.25  1.23    15.88
5632.757931   1.000770   0.000535   -7.13    9.98  1.24    16.85
5632.759524   0.998388   0.000535   -5.20   10.36  1.24    17.35
5632.761110   1.001084   0.000538   -7.28    9.84  1.25    15.99
5632.762689   1.001027   0.000541   -5.65    9.41  1.26    14.98
5632.764274   0.999013   0.000540   -7.25    9.66  1.26    14.80
5632.765858   1.000001   0.000545   -5.62   10.93  1.27    16.16
5632.767498   0.998407   0.000549   -7.50   10.59  1.28    15.17
5632.769085   1.001128   0.000553   -5.53    9.23  1.29    15.23
5632.770662   1.000329   0.000553   -7.05    9.04  1.29    15.91
5632.772242   1.001890   0.000557   -5.08    9.81  1.30    14.45
5632.773831   0.998041   0.000560   -7.12   10.45  1.31    15.08
5632.775401   0.998361   0.000563   -6.13   10.15  1.32    14.78
5632.776977   0.996423   0.000562   -6.96   10.28  1.32    14.41
5632.778575   0.992350   0.000565   -5.97   10.44  1.33    14.83
5632.780229   0.990166   0.000568   -7.25   10.05  1.34    14.72
5632.781805   0.987995   0.000571   -4.70    9.83  1.35    15.64
5632.783390   0.986559   0.000574   -6.29   10.12  1.36    14.61
5632.784967   0.983563   0.000578   -5.00   10.07  1.37    14.18
5632.786562   0.984012   0.000581   -6.10   10.09  1.38    13.43
5632.788140   0.982173   0.000580   -5.22   10.28  1.38    14.89
5632.789716   0.979651   0.000584   -5.79   10.20  1.39    14.45
5632.791348   0.981293   0.000588   -5.40    9.99  1.40    14.13
5632.792938   0.978922   0.000592   -5.38   10.01  1.41    14.75
5632.794517   0.978396   0.000596   -3.83   10.37  1.42    14.01
5632.796148   0.980525   0.000601   -4.46   10.05  1.43    13.55
5632.816678   0.978421   0.000678   -2.17   10.45  1.59    15.04
5632.818273   0.979691   0.000684   -2.82   11.03  1.60    15.58
5632.819877   0.980234   0.000694   -0.50   10.38  1.62    15.56
5632.821451   0.981982   0.000699    0.22    9.56  1.63    13.93
5632.823027   0.982147   0.000710    0.57    9.43  1.65    14.79
5632.824603   0.983212   0.000717   -1.61    9.93  1.66    15.80
5632.826180   0.984688   0.000728    0.60    9.91  1.68    13.20
5632.827771   0.985371   0.000735   -0.13   10.80  1.69    15.73
5632.829346   0.988518   0.000747    0.98   10.08  1.71    14.72
5632.830930   0.992413   0.000761   -0.18    8.88  1.73    14.53
5632.832535   0.994064   0.000768    2.49    9.22  1.74    14.75
5632.834107   0.996075   0.000783    1.39    9.93  1.76    16.63
5632.835719   0.998213   0.000795    3.28    9.78  1.78    15.56
5632.837301   1.000085   0.000808    1.10   10.03  1.80    14.81
5632.838879   0.999555   0.000820    3.82    8.97  1.82    14.99
5632.840461   0.999568   0.000832    1.50    9.23  1.84    15.46
5632.842034   1.001190   0.000846    4.33    8.43  1.86    16.40
5632.843619   0.999502   0.000857    3.08    9.29  1.88    15.40
5632.845206   0.999730   0.000870    6.09    8.39  1.90    15.98
5632.846798   1.001158   0.000884    3.02    9.08  1.92    15.08
5632.848384   0.998885   0.000896    6.14    9.13  1.94    16.43
5632.849984   0.999338   0.000909    3.47    9.66  1.96    15.11
5632.851558   0.999889   0.000923    9.14    8.25  1.98    15.88
5632.853133   0.998775   0.000942    6.35    8.14  2.01    16.08
5632.854715   0.999935   0.000956   10.89    7.30  2.03    15.20
5632.856299   0.999272   0.000977    6.55    8.14  2.06    15.11
5632.857877   1.000815   0.000991   12.03    7.12  2.08    15.87
5632.861036   0.999274   0.001026   12.78    6.24  2.13    15.40
5632.862611   1.001897   0.001050    8.63    6.95  2.16    15.72
5632.864200   0.999305   0.001070   15.41    5.74  2.19    17.40
5632.865804   1.000276   0.001092    9.20    6.79  2.22    15.47
5632.867423   1.001415   0.001119   16.72    4.92  2.25    20.82
5632.869055   1.000880   0.001139    9.04    5.80  2.28    16.97
6029.561974   0.996628   0.000684   -4.58   -6.81  1.04    56.39
6029.562917   0.995393   0.000683   -5.06   -6.93  1.04    56.09
6029.563819   0.991202   0.000679   -5.32   -8.29  1.04    55.51
6029.564769   0.992709   0.000681   -6.32   -8.27  1.04    55.26
6029.565710   0.990447   0.000680   -6.68   -8.47  1.04    55.55
6029.566609   0.988074   0.000679   -7.06   -8.18  1.04    55.59
6029.567502   0.987921   0.000679   -7.49   -7.34  1.04    54.97
6029.568486   0.987188   0.000681   -7.44   -6.62  1.04    55.50
6029.569375   0.984382   0.000678   -7.53   -8.42  1.04    55.47
6029.570290   0.984066   0.000677   -7.34   -7.93  1.04    55.01
6029.571225   0.983758   0.000677   -7.82   -7.23  1.04    55.20
6029.572109   0.982389   0.000676   -7.59   -7.15  1.04    55.42
6029.573011   0.982006   0.000676   -7.59   -8.01  1.04    56.03
6029.573915   0.980821   0.000675   -8.00   -7.38  1.04    55.96
6029.574815   0.981551   0.000675   -7.75   -7.99  1.04    55.63
6029.576334   0.980317   0.000674   -8.64   -7.31  1.04    55.63
6029.577807   0.979391   0.000675   -8.60   -7.56  1.04    55.31
6029.579279   0.978965   0.000679   -7.88   -8.30  1.05    55.12
6029.580770   0.977742   0.000679   -8.73   -7.50  1.05    55.23
6029.581650   0.979206   0.000682   -7.76   -6.66  1.05    55.70
6029.582556   0.978733   0.000682   -7.32   -6.91  1.05    56.02
6029.583432   0.978557   0.000682   -6.84   -7.57  1.05    56.91
6029.584385   0.978094   0.000680   -7.92   -7.99  1.05    56.93
6029.585254   0.978210   0.000680   -7.62   -7.32  1.05    56.87
6029.586157   0.977585   0.000679   -7.15   -7.28  1.05    57.09
6029.587049   0.979121   0.000678   -7.14   -6.80  1.05    56.55
6029.587942   0.978950   0.000678   -8.55   -7.37  1.05    55.99
6029.588830   0.976198   0.000676   -7.93   -8.04  1.05    55.40
6029.589782   0.977506   0.000677   -8.19   -8.80  1.05    56.07
6029.590722   0.977176   0.000677   -8.04   -8.75  1.05    56.86
6029.591604   0.979456   0.000683   -8.28   -7.21  1.06    57.20
6029.592500   0.977613   0.000681   -7.76   -7.39  1.06    57.06
6029.593392   0.979427   0.000683   -7.81   -7.54  1.06    57.37
6029.594276   0.975915   0.000682   -8.29   -7.49  1.06    57.37
6029.595164   0.978987   0.000686   -8.39   -6.86  1.06    58.49
6029.596053   0.978612   0.000684   -8.53   -7.44  1.06    57.98
6029.597022   0.978187   0.000683   -7.72   -9.15  1.06    57.65
6029.597917   0.977119   0.000682   -8.06   -8.96  1.06    57.72
6029.598830   0.976118   0.000681   -7.42   -7.01  1.06    58.40
6029.599737   0.977887   0.000683   -7.95   -7.43  1.06    58.49
6029.600635   0.977364   0.000687   -7.86   -8.07  1.07    58.99
6029.601527   0.977026   0.000687   -8.05   -7.12  1.07    58.91
6029.602410   0.978694   0.000687   -8.00   -6.35  1.07    58.50
6029.603293   0.977813   0.000687   -7.56   -6.74  1.07    58.19
6029.604244   0.977195   0.000688   -8.17   -7.71  1.07    57.94
6029.605133   0.979137   0.000686   -7.44   -8.37  1.07    57.89
6029.606038   0.978901   0.000685   -7.42   -7.75  1.07    58.05
6029.606919   0.979241   0.000687   -7.37   -8.32  1.07    57.64
6029.607840   0.980568   0.000692   -7.44   -7.78  1.08    57.97
6029.608742   0.978573   0.000691   -7.74   -7.78  1.08    57.98
6029.609638   0.979951   0.000693   -7.40   -7.27  1.08    58.10
6029.610519   0.979803   0.000692   -7.31   -7.69  1.08    58.03
6029.611431   0.981031   0.000693   -7.64   -7.92  1.08    58.44
6029.612304   0.981454   0.000694   -7.73   -7.69  1.08    58.73
6029.613202   0.982378   0.000693   -7.03   -7.51  1.08    58.72
6029.614097   0.985103   0.000697   -7.39   -7.13  1.09    58.59
6029.614986   0.987839   0.000698   -7.79   -7.20  1.09    58.50
6029.615874   0.987072   0.000699   -7.69   -7.21  1.09    58.98
6029.616789   0.988890   0.000700   -8.28   -7.39  1.09    59.29
6029.617677   0.990870   0.000700   -8.31   -7.26  1.09    58.78
6029.618563   0.992203   0.000701   -7.90   -7.06  1.09    58.94
6029.619468   0.994815   0.000703   -7.40   -7.10  1.09    59.40
6029.620357   0.994081   0.000706   -7.46   -7.99  1.10    59.25
6029.621238   0.996213   0.000708   -7.29   -7.66  1.10    59.47
6029.622218   0.997801   0.000708   -7.62   -7.63  1.10    60.24
6029.623212   0.997437   0.000709   -7.60   -7.82  1.10    60.79
6029.624159   0.999290   0.000710   -7.46   -7.42  1.10    61.36
6029.625103   0.999887   0.000714   -7.56   -7.26  1.11    61.38
6029.626031   0.999773   0.000714   -8.29   -7.12  1.11    61.46
6029.626967   1.000308   0.000714   -7.88   -6.90  1.11    61.70
6029.627857   1.001835   0.000714   -8.43   -6.64  1.11    61.83
6029.628741   0.999375   0.000713   -8.00   -6.94  1.11    62.73
6029.629659   0.999274   0.000715   -7.54   -8.39  1.11    63.22
6029.630598   1.000728   0.000720   -6.98   -8.41  1.12    63.75
6029.631495   1.000210   0.000718   -7.03   -7.75  1.12    64.32
6029.632393   0.999457   0.000718   -7.17   -7.74  1.12    64.23
6029.633279   1.000868   0.000719   -7.94   -6.96  1.12    65.26
6029.634187   0.999532   0.000719   -7.66   -7.00  1.12    65.95
6029.635084   1.001076   0.000723   -7.81   -7.02  1.13    66.81
6029.635976   0.999159   0.000723   -8.01   -7.32  1.13    67.83
6029.636876   0.998528   0.000724   -8.16   -7.84  1.13    68.94
6029.637758   0.999537   0.000723   -8.05   -8.21  1.13    70.05
6029.638645   1.001278   0.000729   -7.95   -7.71  1.14    70.51
6029.639549   0.999694   0.000728   -8.07   -8.16  1.14    70.84
6029.640447   0.999899   0.000728   -8.74   -7.10  1.14    71.11
6029.641318   1.000710   0.000729   -7.09   -8.05  1.14    71.48
6029.642242   1.002716   0.000729   -7.12   -7.63  1.14    71.54
6029.643114   0.999700   0.000731   -7.34   -8.12  1.15    72.02
6029.644001   0.999938   0.000731   -8.01   -7.98  1.15    71.99
6029.644885   1.000088   0.000731   -7.80   -8.17  1.15    72.09
6029.645768   1.001609   0.000733   -7.55   -7.04  1.15    72.39
6029.646716   0.999086   0.000737   -7.89   -7.14  1.16    73.12
6029.647600   0.998737   0.000735   -7.69   -7.55  1.16    73.40
6029.648469   0.999627   0.000736   -8.06   -7.70  1.16    73.71
6029.649431   1.001944   0.000737   -8.15   -7.34  1.16    73.52
6029.650379   1.000819   0.000742   -8.70   -7.50  1.17    74.33
6029.651277   0.999892   0.000741   -7.54   -7.91  1.17    74.44
6029.652178   0.999848   0.000741   -7.88   -7.81  1.17    74.05
6029.653128   0.999382   0.000746   -8.37   -6.64  1.18    73.59
6029.654033   1.001244   0.000746   -8.43   -6.54  1.18    73.31
6029.654977   0.999159   0.000746   -8.19   -7.19  1.18    73.98
6029.655865   0.999322   0.000746   -7.94   -7.80  1.18    74.08
6029.656757   0.999095   0.000751   -7.17   -7.95  1.19    74.90
6029.657657   0.998252   0.000751   -7.23   -8.08  1.19    75.23
6029.658546   1.000244   0.000753   -8.01   -7.31  1.19    75.75
6029.659451   1.000647   0.000756   -7.97   -8.30  1.20    76.26
6029.660333   0.998740   0.000755   -7.98   -7.83  1.20    76.69
6029.661283   1.000528   0.000758   -7.82   -8.31  1.20    77.48
6029.662187   1.000709   0.000762   -7.64   -7.34  1.21    77.48
6029.663074   0.998821   0.000762   -8.27   -6.60  1.21    77.43
6029.664012   0.999436   0.000763   -7.59   -7.20  1.21    77.65
5584.616534   1.001065   0.000865   -1.54   -1.86  1.44    89.39
5584.618061   1.000585   0.000859   -2.68   -2.37  1.43    88.98
5584.619591   1.000864   0.000856   -3.53   -0.92  1.42    88.58
5584.620996   0.999682   0.000958   -2.83   -1.49  1.41    88.20
5584.622285   1.000428   0.000954   -2.17   -1.34  1.40    87.86
5584.623571   0.999778   0.000950   -2.18   -1.95  1.40    87.51
5584.624864   0.999785   0.000945   -2.88   -0.80  1.39    87.16
5584.626158   0.999223   0.000941   -2.90   -1.54  1.38    86.81
5584.627457   1.001563   0.000937   -1.64   -0.77  1.37    86.46
5584.628763   0.998704   0.000935   -1.60   -0.90  1.37    86.10
5584.630058   0.999709   0.000936   -1.58   -0.88  1.36    85.74
5584.631344   0.999581   0.000928   -0.83   -1.15  1.35    85.38
5584.632632   0.999374   0.000935   -1.95   -0.91  1.35    85.02
5584.633927   0.998684   0.000922   -2.21   -0.84  1.34    84.65
5584.635226   0.999664   0.000920   -1.50   -0.82  1.33    84.28
5584.636518   0.999782   0.000923   -3.16   -1.00  1.33    83.91
5584.637804   1.002303   0.000926   -2.44   -1.19  1.32    83.53
5584.639100   1.000782   0.000917   -2.24   -1.47  1.31    83.15
5584.640398   0.999198   0.000919   -2.64   -0.39  1.31    82.77
5584.641684   0.998958   0.000911   -2.80   -0.96  1.30    82.39
5584.642993   1.000067   0.000906   -3.30    0.02  1.29    82.00
5584.644308   1.000075   0.000908   -1.63   -0.78  1.29    81.60
5584.645594   0.999873   0.000906   -1.00   -1.47  1.28    81.21
5584.646898   0.999109   0.000902   -0.98   -2.01  1.28    80.81
5584.648198   1.002381   0.000898   -2.04   -1.07  1.27    80.41
5584.649507   1.000812   0.000890   -2.65   -1.23  1.26    80.00
5584.650817   0.999786   0.000892   -2.70   -0.24  1.26    79.59
5584.652113   1.000796   0.000894   -2.73   -0.71  1.25    79.17
5584.653409   0.997680   0.000886   -1.58   -1.02  1.25    78.75
5584.654703   0.997694   0.000888   -1.81   -1.27  1.24    78.33
5584.655998   0.996805   0.000881   -2.83   -0.19  1.24    77.91
5584.657296   0.995012   0.000880   -3.01   -0.30  1.23    77.48
5584.658579   0.992598   0.000881   -2.30   -1.31  1.23    77.04
5584.659878   0.990757   0.000870   -2.58   -1.38  1.22    76.61
5584.661197   0.988894   0.000874   -2.70   -0.51  1.22    76.16
5584.662482   0.987286   0.000866   -2.64   -0.71  1.21    75.71
5584.663765   0.984855   0.000868   -1.50   -1.32  1.21    75.26
5584.665052   0.983014   0.000864   -1.12   -1.85  1.20    74.81
5584.666339   0.981504   0.000864   -1.41   -0.30  1.20    74.35
5584.667636   0.979645   0.000861   -1.82   -0.85  1.20    73.88
5584.668929   0.981690   0.000863   -2.01   -1.43  1.19    73.41
5584.670249   0.979870   0.000856   -1.81   -1.70  1.19    72.92
5584.671556   0.978724   0.000852   -1.21   -0.97  1.18    72.43
5584.672863   0.978287   0.000854   -0.88   -1.64  1.18    71.93
5584.674151   0.978479   0.000852   -1.31   -1.10  1.17    71.43
5584.675432   0.979566   0.000850   -0.89   -1.73  1.17    70.93
5584.676719   0.979508   0.000852   -1.34   -1.81  1.17    70.43
5584.678003   0.978863   0.000849   -0.92   -2.38  1.16    69.92
5584.679281   0.978241   0.000847   -0.60   -1.39  1.16    69.40
5584.680577   0.979441   0.000846   -0.27   -1.80  1.16    68.87
5584.681868   0.978318   0.000845   -1.28   -1.39  1.15    68.33
5584.683155   0.977971   0.000838   -0.76   -1.70  1.15    67.79
5584.684449   0.978130   0.000840   -0.34   -1.25  1.14    67.24
5584.685756   0.978680   0.000839    0.06   -1.08  1.14    66.68
5584.687046   0.978707   0.000843   -0.64   -0.86  1.14    66.11
5584.688338   0.978542   0.000838   -0.33   -1.54  1.13    65.53
5584.689637   0.981035   0.000835    0.11   -1.61  1.13    64.94
5584.690948   0.979301   0.000838    1.09   -2.73  1.13    64.35
5584.692242   0.979151   0.000840   -0.62   -1.32  1.13    63.74
5584.693570   0.978701   0.000834   -1.09   -2.06  1.12    63.12
5584.694860   0.978784   0.000835   -0.57   -3.04  1.12    62.49
5584.696155   0.978966   0.000832    0.74   -3.00  1.12    61.86
5584.697449   0.979654   0.000827    0.55   -2.31  1.11    61.21
5584.698765   0.980040   0.000831    0.45   -1.96  1.11    60.56
5584.700061   0.978927   0.000832   -0.25   -0.74  1.11    59.89
5584.701353   0.981187   0.000833    0.80   -1.67  1.11    59.21
5584.702639   0.980709   0.000828   -0.81   -1.93  1.10    58.53
5584.703932   0.980680   0.000832    0.31   -3.60  1.10    57.84
5584.705212   0.981719   0.000830    0.15   -2.59  1.10    57.13
5584.706501   0.983480   0.000831    1.05   -4.62  1.10    56.42
5584.707804   0.982701   0.000827   -0.15   -3.16  1.09    55.69
5584.709116   0.986703   0.000826    1.22   -4.19  1.09    54.93
5584.710416   0.987074   0.000830    0.57   -2.47  1.09    54.17
5584.711722   0.988820   0.000829    0.46   -3.12  1.09    53.39
5584.713004   0.992602   0.000832   -0.28   -2.47  1.08    52.60
5584.714302   0.992788   0.000829    0.66   -3.71  1.08    51.81
5584.715589   0.996159   0.000831   -0.03   -2.63  1.08    50.99
5584.716884   0.998394   0.000834    0.38   -3.39  1.08    50.17
5584.718168   0.999536   0.000835   -0.69   -1.56  1.08    49.33
5584.719464   0.999202   0.000837   -0.39   -3.15  1.07    48.47
5584.720758   1.000671   0.000835    0.55   -3.42  1.07    47.60
5584.722046   0.999628   0.000831    1.08   -5.05  1.07    46.71
5584.723339   1.000192   0.000831    0.28   -3.86  1.07    45.80
5584.724629   1.001665   0.000834    0.78   -5.61  1.07    44.88
5584.725910   0.999500   0.000836   -0.02   -3.15  1.07    43.95
5584.727194   1.000688   0.000829    0.33   -4.36  1.06    43.00
5584.728482   1.002025   0.000830    0.04   -2.84  1.06    42.03
5584.729777   1.001538   0.000834    1.20   -3.86  1.06    41.05
5584.731073   0.999037   0.000829    0.43   -2.20  1.06    40.04
5584.732394   0.999234   0.000833    1.77   -3.76  1.06    39.00
5584.733679   0.999431   0.000831    1.72   -3.84  1.06    37.95
5584.734976   1.000079   0.000827    1.53   -4.06  1.06    36.88
5584.736270   0.999895   0.000830    0.34   -1.90  1.05    35.81
5584.737578   0.998831   0.000825    1.31   -3.36  1.05    34.70
5584.738895   0.998979   0.000826    0.61   -3.00  1.05    33.56
5584.740214   1.001043   0.000827    1.27   -3.68  1.05    32.40
5584.741503   0.999106   0.000825    0.30   -2.53  1.05    31.24
5584.742788   0.999547   0.000830    2.30   -3.86  1.05    30.07
5584.744117   0.999919   0.000825    1.62   -2.52  1.05    28.86
5584.745428   1.000312   0.000831    3.35   -4.27  1.05    27.57
5584.746718   0.999317   0.000825    2.42   -3.13  1.05    26.39
5584.748005   0.999359   0.000827    3.13   -4.66  1.04    25.15
5584.749294   1.001949   0.000829    2.64   -3.49  1.04    23.90
5584.750585   1.000675   0.000825    3.31   -5.19  1.04    22.62
5584.751875   1.000035   0.000825    2.33   -3.73  1.04    21.32
5584.753164   0.999707   0.000826    3.50   -4.43  1.04    20.02
5584.754478   0.998992   0.000821    3.35   -1.65  1.04    18.68
5584.755784   1.001160   0.000827    4.05   -3.55  1.04    17.33
5584.757070   0.999922   0.000825    2.51   -3.06  1.04    15.96
5584.758354   1.001373   0.000830    3.58   -5.00  1.04    14.61
5584.759649   0.998892   0.000827    2.45   -3.55  1.04    13.23
5584.760937   1.000303   0.000823    3.77   -4.78  1.04    11.84
5584.762241   0.999614   0.000829    3.00   -2.52  1.04    10.44
