5539.657068   1.002509   0.002587   46.17    3.10  2.45     2.05
5539.657746   1.001134   0.002512   47.99    3.51  2.43     2.61
5539.658426   1.000537   0.002533  -20.08    3.84  2.42     0.45
5539.659101   0.998457   0.002455  -19.63    3.31  2.40     0.78
5539.659776   1.004478   0.002496   -0.28    3.29  2.39     1.58
5539.660447   1.005059   0.002481    0.97    2.75  2.38     1.53
5539.661126   1.000618   0.002403   -6.47    1.98  2.36     1.61
5539.661805   0.997876   0.002421   -6.70    2.59  2.35     1.41
5539.662476   0.998504   0.002384   -5.51    2.29  2.33     1.15
5539.663148   1.000294   0.002372   -5.01    1.70  2.32     1.29
5539.663821   1.005931   0.002356   -5.90    1.83  2.30     1.42
5539.664490   1.002182   0.002334   -7.01    2.52  2.29     0.94
5539.665166   1.004779   0.002288   -7.51    3.97  2.28     1.29
5539.666185   0.996197   0.001314   -8.28    2.60  2.26     3.03
5539.667541   0.998725   0.001288   -7.29    1.80  2.23     3.33
5539.668905   1.004857   0.001279   -6.86    2.00  2.21     2.84
5539.670268   1.000938   0.001243   -4.69    3.49  2.18     4.02
5539.671635   0.995560   0.001228   -2.89    3.43  2.16     4.21
5539.673059   1.001655   0.001138   -0.21    3.68  2.13     4.10
5539.674553   1.003297   0.001123    4.28    5.23  2.11     4.50
5539.676046   0.999757   0.001096    2.72    5.11  2.08     4.74
5539.677540   1.003779   0.001085    6.82    5.38  2.06     4.59
5539.679031   0.999385   0.001065    1.72    4.23  2.04     3.92
5539.680526   1.002584   0.001046    5.46    5.32  2.01     4.59
5539.682019   1.001157   0.001029    1.38    5.47  1.99     4.07
5539.683513   1.001130   0.001015    5.88    6.34  1.97     4.37
5539.685004   0.999119   0.000999    2.33    4.84  1.95     3.90
5539.686500   1.000245   0.000986    6.65    5.40  1.93     4.18
5539.687990   0.999628   0.000971   -0.26    4.26  1.91     3.83
5539.689485   0.998679   0.000958    4.47    4.82  1.89     4.18
5539.690977   0.998118   0.000943    1.57    4.28  1.87     3.97
5539.692471   0.995481   0.000927    6.17    5.18  1.85     4.37
5539.693967   0.993697   0.000916    0.86    4.75  1.83     4.00
5539.695448   0.991150   0.000902    4.36    4.51  1.81     3.80
5539.696929   0.988728   0.000893   -0.02    3.39  1.80     3.74
5539.698411   0.986494   0.000878    2.76    3.20  1.78     4.03
5539.699901   0.984307   0.000860   -0.13    3.49  1.76     3.55
5539.701387   0.983236   0.000857    3.03    3.36  1.75     3.68
5539.702877   0.982469   0.000842   -0.56    3.24  1.73     4.06
5539.704371   0.983479   0.000831    2.48    3.35  1.71     4.10
5539.705862   0.982422   0.000826    0.95    3.58  1.70     4.28
5539.707378   0.981315   0.000813    3.19    3.52  1.68     4.64
5539.708872   0.981723   0.000807   -2.82    2.41  1.67     4.07
5539.710366   0.982888   0.000798    0.54    2.70  1.65     4.26
5539.711859   0.980520   0.000789   -1.40    3.71  1.64     4.40
5539.713348   0.980660   0.000786    0.09    3.20  1.63     3.70
5539.714830   0.981388   0.000779   -2.28    2.53  1.61     4.37
5539.716314   0.978984   0.000767   -0.34    2.89  1.60     4.21
5539.717800   0.978352   0.000763   -3.11    3.34  1.59     3.80
5539.719282   0.980668   0.000757   -1.80    3.33  1.57     4.24
5539.720763   0.978134   0.000751   -3.81    2.94  1.56     4.34
5539.722253   0.979479   0.000743   -1.61    2.39  1.55     4.61
5539.723742   0.978437   0.000742   -1.90    2.14  1.54     4.52
5539.725227   0.978182   0.000732   -1.15    2.85  1.53     4.68
5539.726719   0.981126   0.000730   -2.98    2.75  1.51     4.80
5539.728214   0.978708   0.000718   -2.47    3.09  1.50     4.48
5539.729707   0.978610   0.000715   -4.25    2.76  1.49     4.51
5539.731195   0.980554   0.000724   -2.73    1.88  1.48     5.71
5539.732682   0.979537   0.000706   -2.96    1.53  1.47     5.11
5539.734174   0.979730   0.000701   -1.27    1.92  1.46     4.39
5539.735664   0.981225   0.000703   -3.14    1.41  1.45     4.82
5539.737146   0.978675   0.000694   -2.40    1.00  1.44     4.85
5539.738627   0.981770   0.000695   -4.05    1.63  1.43     5.04
5539.740109   0.980083   0.000686   -4.31    2.37  1.42     4.90
5539.741595   0.980489   0.000680   -4.69    1.56  1.41     4.88
5539.743088   0.983404   0.000670   -5.83    2.02  1.40     3.59
5539.744577   0.984526   0.000668   -7.05    3.28  1.39     3.69
5539.747541   0.987500   0.000664   -8.23    2.44  1.38     3.42
5539.749025   0.989990   0.000657   -8.63    2.78  1.37     3.42
5539.750518   0.992878   0.000654   -6.71    2.89  1.36     4.02
5539.752008   0.995483   0.000655   -7.47    3.04  1.35     4.22
5539.753494   0.997415   0.000647   -7.35    3.47  1.34     3.55
5539.754986   0.999080   0.000644   -7.75    3.11  1.33     3.47
5539.756475   0.998804   0.000647   -6.56    2.32  1.33     3.91
5539.757961   0.998413   0.000640   -6.99    2.26  1.32     4.22
5539.759454   0.998650   0.000635   -7.04    2.82  1.31     4.01
5539.760948   0.999860   0.000631   -7.48    2.66  1.30     3.80
5539.762440   0.999760   0.000631   -6.88    2.93  1.30     4.54
5539.763930   0.998559   0.000629   -6.98    2.60  1.29     4.05
5539.765415   0.999530   0.000623   -5.95    2.86  1.28     4.09
5539.766907   0.999956   0.000622   -6.11    2.46  1.28     4.61
5539.768398   0.999000   0.000621   -6.33    2.69  1.27     4.03
5539.769879   0.998596   0.000617   -6.36    2.64  1.26     4.12
5539.771365   1.000057   0.000615   -5.99    2.97  1.26     4.52
5539.772856   0.998210   0.000610   -6.15    2.55  1.25     4.76
5539.774350   0.999185   0.000611   -6.34    2.23  1.25     4.62
5539.775844   1.000136   0.000608   -6.60    1.42  1.24     3.92
5539.777334   1.000245   0.000607   -6.45    2.04  1.23     4.62
5539.778818   0.998176   0.000603   -6.26    1.64  1.23     4.20
5539.780313   0.998889   0.000600   -5.67    2.67  1.22     4.44
5539.781685   0.999166   0.000674   -6.27    2.06  1.22     3.26
5539.782935   0.999111   0.000670   -6.01    2.47  1.21     3.18
5539.784185   1.000557   0.000671   -6.23    1.98  1.21     3.03
5539.785437   0.999884   0.000666   -5.98    2.27  1.20     3.10
5539.786691   0.999860   0.000667   -6.44    1.76  1.20     3.23
5539.787951   1.000937   0.000663   -6.36    2.32  1.20     3.47
5539.789209   0.999699   0.000662   -5.90    2.18  1.19     3.14
5539.790458   1.000033   0.000662   -5.26    2.50  1.19     3.15
5539.791711   1.000100   0.000658   -5.42    2.53  1.18     2.89
5539.792959   0.999881   0.000658   -5.95    2.45  1.18     2.28
5539.794209   0.999653   0.000658   -5.65    1.85  1.18     2.78
5539.795461   1.000154   0.000655   -5.69    2.00  1.17     3.09
5539.796711   0.999084   0.000654   -5.36    1.64  1.17     2.61
5539.797963   0.999179   0.000650   -5.19    2.64  1.16     2.91
5539.799218   0.998889   0.000650   -5.59    2.20  1.16     2.73
5539.800470   0.999384   0.000650   -5.77    2.70  1.16     3.02
5539.801721   1.001159   0.000647   -5.53    2.02  1.15     2.85
5539.802976   1.000660   0.000643   -5.35    2.38  1.15     3.32
5539.804234   1.001149   0.000647   -4.90    1.83  1.15     3.28
5539.805483   1.000148   0.000643   -4.89    2.39  1.14     2.95
5539.806735   1.000326   0.000643   -3.89    1.72  1.14     3.32
5539.807988   1.000631   0.000643   -4.23    2.89  1.14     3.18
5539.809249   1.000155   0.000635   -3.97    1.92  1.13     2.98
5539.810505   0.999324   0.000639   -5.14    1.53  1.13     2.63
5539.811757   1.000683   0.000639   -4.76    1.31  1.13     3.00
