5216.624276   0.994530   0.002560   -1.07    2.59  1.51    11.98
5216.627320   1.001848   0.002602   -1.81    1.65  1.49    13.40
5216.630365   0.996449   0.002556   -1.14    2.60  1.47    12.58
5216.633420   0.997866   0.002564   -1.38    2.01  1.45    13.21
5216.636476   0.995238   0.002567   -1.65    2.15  1.43    13.87
5216.639562   1.002535   0.002527   -0.89    1.53  1.41    12.31
5216.642606   1.001751   0.002517   -2.05    1.67  1.39    12.21
5216.645638   0.996392   0.002489   -1.99    1.48  1.37    11.99
5216.648670   1.000146   0.002486   -0.33    1.29  1.36    11.83
5216.651727   1.001943   0.002502   -0.57    1.39  1.34    12.40
5216.654770   0.999929   0.002454   -1.39    0.63  1.33    11.04
5216.657817   1.000469   0.002467   -1.50    1.40  1.31    11.24
5216.660836   1.002349   0.002484   -2.37    1.60  1.30    12.11
5216.663879   1.002823   0.002544   -2.59    1.42  1.28    14.02
5216.666911   0.998071   0.002466    0.03    1.63  1.27    12.00
5216.669966   0.998520   0.002460   -0.95    0.75  1.26    11.94
5216.673022   0.999424   0.002448   -0.54    0.98  1.25    11.23
5216.676078   0.998972   0.002411   -0.74    0.19  1.23    10.04
5216.679121   0.998254   0.002394    0.56    0.50  1.22     9.38
5216.682165   1.001231   0.002378    0.00    0.42  1.21     8.68
5216.685220   0.999000   0.002357   -0.11    0.15  1.20     7.72
5216.688264   1.001063   0.002376   -0.18    0.91  1.19     8.82
5216.691319   1.000738   0.002369    0.58   -0.63  1.18     8.50
5216.694374   0.999057   0.002376   -0.24    0.00  1.18     9.53
5216.697418   0.997537   0.002364   -2.81    0.57  1.17     8.45
5216.700473   0.998750   0.002346   -0.36    0.23  1.16     7.77
5216.703528   1.000919   0.002354    0.19    0.15  1.15     8.65
5216.706586   0.998796   0.002339    0.05    0.07  1.14     7.55
5216.709684   0.995601   0.002316   -0.02   -0.13  1.14     6.80
5216.712716   0.999235   0.002334    0.00   -0.54  1.13     6.87
5216.715748   1.000314   0.002331    0.71   -0.64  1.13     7.00
5216.718779   0.997750   0.002328    0.26   -1.01  1.12     6.74
5216.721822   0.999931   0.002326    0.82   -0.81  1.11     7.00
5216.724877   0.998522   0.002319    0.17   -1.19  1.11     5.86
5216.727933   0.999861   0.002317    0.59   -1.23  1.10     6.45
5216.730976   1.001376   0.002322    0.56   -1.18  1.10     6.21
5216.734020   0.999584   0.002322   -0.01   -1.29  1.10     6.35
5216.737075   0.998758   0.002319   -1.56   -1.37  1.09     6.58
5216.740130   1.000009   0.002327    0.92   -0.73  1.09     6.80
5216.743186   1.000712   0.002329    1.00   -0.97  1.08     6.61
5216.746241   1.001477   0.002325   -0.01   -1.24  1.08     7.07
5216.749297   1.004270   0.002334    1.39   -0.99  1.08     6.90
5216.752352   1.002802   0.002332    1.02   -1.71  1.08     6.92
5216.755408   1.000659   0.002332    1.18   -1.84  1.07     6.94
5216.758464   1.001611   0.002352    0.00   -2.33  1.07     7.81
5216.761519   1.002081   0.002350    0.67   -2.26  1.07     7.68
5216.764574   1.000831   0.002351    1.25   -1.86  1.07     7.36
5216.767661   0.999698   0.002356    1.21   -1.89  1.07     8.13
5216.770693   1.003927   0.002355    0.91   -2.46  1.07     7.44
5216.773769   1.001818   0.002333    0.94   -2.29  1.07     6.55
5216.776812   1.002183   0.002339    0.41   -2.72  1.07     5.86
5216.779867   1.003468   0.002356    0.58   -2.60  1.07     6.56
5216.782922   1.001101   0.002339    0.12   -2.73  1.07     6.37
5216.785977   0.997824   0.002347   -0.12   -2.60  1.07     7.23
5216.626556   0.995216   0.002560   -1.59    2.41  1.50    11.47
5216.629601   1.004007   0.002627   -1.26    1.72  1.47    14.20
5216.632656   1.001647   0.002575   -0.18    2.07  1.45    12.97
5216.635712   0.994947   0.002536   -0.86    1.90  1.43    12.59
5216.638755   0.997860   0.002556   -0.63    1.84  1.41    13.28
5216.641842   0.998252   0.002566   -0.74    1.56  1.40    13.84
5216.644874   1.001928   0.002544   -1.46    0.55  1.38    13.30
5216.647907   1.002788   0.002491   -0.32    1.48  1.36    11.39
5216.650963   1.000365   0.002504   -0.20    1.32  1.34    12.20
5216.654006   1.002059   0.002464   -0.38    0.53  1.33    10.53
5216.657050   1.000473   0.002487   -2.27    1.62  1.31    11.94
5216.660073   1.005945   0.002522   -3.62    2.78  1.30    12.97
5216.663115   0.996676   0.002500   -2.34    1.96  1.29    12.93
5216.666147   1.003074   0.002520   -1.30    2.03  1.27    13.35
5216.669202   0.999520   0.002449   -0.37    1.67  1.26    10.76
5216.672257   1.001942   0.002460   -0.84    0.32  1.25    11.21
5216.675314   1.000163   0.002436    0.35    1.82  1.24    10.37
5216.678357   0.999429   0.002409   -0.44    0.96  1.23    10.31
5216.681401   0.999789   0.002385    0.10    0.91  1.22     8.91
5216.684456   0.997264   0.002373   -0.29    0.65  1.21     8.40
5216.687501   0.998724   0.002359   -0.31    0.25  1.20     7.65
5216.690555   1.000596   0.002383    0.15    0.00  1.19     8.89
5216.693611   0.997991   0.002374   -0.81    0.01  1.18     8.86
5216.696654   0.999626   0.002369   -1.80    1.03  1.17     8.40
5216.699710   1.003227   0.002405   -0.65    0.14  1.16     9.59
5216.702765   1.000170   0.002349   -0.39    0.38  1.15     7.23
5216.705822   0.998613   0.002349    0.54    0.14  1.15     7.88
5216.708877   0.998630   0.002333    0.18   -0.44  1.14     6.81
5216.711952   0.999288   0.002337   -0.22   -0.38  1.13     6.40
5216.714984   0.997754   0.002345    0.46   -0.56  1.13     7.60
5216.718015   1.001926   0.002343    0.57   -0.52  1.12     7.06
5216.721058   1.001203   0.002338    0.32   -1.07  1.12     6.79
5216.724113   1.002715   0.002332    1.03   -0.94  1.11     6.20
5216.727169   0.999648   0.002324    0.20   -0.90  1.11     6.02
5216.730212   0.999771   0.002330    1.01   -1.03  1.10     6.80
5216.733257   1.000689   0.002331    0.31   -1.16  1.10     6.44
5216.736311   0.998630   0.002334   -1.18   -1.07  1.09     6.87
5216.739366   1.000100   0.002338    0.81   -0.88  1.09     6.87
5216.742422   1.005345   0.002334    0.78   -0.59  1.09     6.20
5216.745477   1.002341   0.002332    0.87   -0.90  1.08     6.88
5216.748533   1.000316   0.002329    0.35   -1.57  1.08     6.55
5216.751588   0.998839   0.002329    0.77   -1.71  1.08     6.47
5216.754644   0.999502   0.002335    1.34   -1.73  1.07     7.34
5216.757700   0.999096   0.002335    1.17   -1.63  1.07     6.16
5216.760755   0.997502   0.002339    0.34   -2.07  1.07     7.00
5216.763810   0.999088   0.002354    0.61   -2.34  1.07     7.42
5216.766854   1.001555   0.002369    0.59   -2.40  1.07     8.41
5216.769929   1.001449   0.002349    0.79   -2.19  1.07     7.07
5216.772961   0.999232   0.002341    1.22   -2.28  1.07     6.73
5216.776048   0.997653   0.002330    0.81   -2.48  1.07     5.80
5216.779103   1.000969   0.002353    0.84   -2.59  1.07     6.48
5216.782158   0.999180   0.002360    0.00   -2.91  1.07     7.55
5216.785213   0.998955   0.002349   -0.07   -2.47  1.07     6.08
5216.788256   0.996329   0.002355   -2.37   -1.38  1.07     6.44
