5582.669570   0.999884   0.002684    0.00    0.00  1.21   411.42
5582.670350   1.001255   0.002680   -2.69   -4.49  1.21   404.93
5582.670730   1.000844   0.002666   -2.74   -4.29  1.21   404.16
5582.671100   1.002092   0.002672   -2.94   -4.30  1.21   404.38
5582.671500   1.000282   0.002667   -3.59   -4.20  1.20   402.12
5582.671880   0.999603   0.002661   -4.19   -4.06  1.20   400.48
5582.672250   1.002849   0.002665   -4.55   -3.88  1.20   399.52
5582.672630   1.002751   0.002669   -4.33   -3.68  1.20   397.97
5582.673370   0.999921   0.002660   -5.41   -3.58  1.20   396.33
5582.673750   0.998809   0.002656   -5.74   -3.71  1.20   394.99
5582.674120   1.004547   0.002666   -6.00   -3.61  1.20   395.15
5582.674500   0.998626   0.002648   -6.20   -3.95  1.19   392.85
5582.674880   1.002390   0.002659   -6.84   -4.06  1.19   390.81
5582.675250   0.996660   0.002650   -7.54   -3.79  1.19   388.65
5582.675680   1.001175   0.002653   -2.60   -4.45  1.19   386.78
5582.676050   1.006154   0.002658   -3.05   -4.63  1.19   384.24
5582.676430   1.003681   0.002648   -3.30   -4.75  1.19   381.05
5582.676800   1.003040   0.002647   -3.64   -4.39  1.19   380.16
5582.677210   0.996845   0.002642   -4.10   -4.59  1.19   378.38
5582.677580   0.998962   0.002658   -4.48   -4.58  1.18   377.55
5582.677950   1.003722   0.002650   -4.46   -4.74  1.18   375.96
5582.678330   1.001881   0.002644   -4.56   -5.07  1.18   371.27
5582.678730   1.001395   0.002641   -5.14   -4.98  1.18   368.00
5582.679100   0.998653   0.002632   -5.38   -5.11  1.18   365.64
5582.679480   1.001032   0.002634   -5.71   -5.22  1.18   362.88
5582.679860   1.003347   0.002651   -6.22   -5.37  1.18   358.56
5582.680230   1.003805   0.002647   -6.56   -5.45  1.18   355.19
5582.680600   1.003749   0.002639   -6.99   -5.02  1.18   352.22
5582.681010   1.003748   0.002640   -6.87   -5.25  1.17   348.93
5582.681380   0.997824   0.002621   -7.19   -5.42  1.17   346.77
5582.681800   0.996698   0.002618   -2.87   -4.45  1.17   345.39
5582.682170   1.002910   0.002629   -3.67   -4.25  1.17   344.30
5582.682540   1.004630   0.002636   -3.97   -3.90  1.17   344.05
5582.682920   0.998163   0.002622   -4.36   -3.95  1.17   343.43
5582.683290   0.996969   0.002613   -4.50   -4.03  1.17   340.75
5582.683670   1.005223   0.002624   -4.70   -3.90  1.17   338.06
5582.684040   1.002090   0.002623   -5.37   -3.24  1.16   336.62
5582.684410   0.999676   0.002613   -5.81   -3.64  1.16   335.75
5582.684790   0.997496   0.002610   -6.38   -3.61  1.16   333.74
5582.685160   1.003719   0.002623   -6.97   -3.43  1.16   332.04
5582.685570   1.002560   0.002621   -2.37   -4.62  1.16   332.28
5582.685950   0.999681   0.002612   -2.82   -4.51  1.16   331.07
5582.686330   0.997128   0.002602   -3.40   -4.10  1.16   331.41
5582.686700   0.994970   0.002597   -4.01   -4.02  1.16   330.63
5582.687070   0.998821   0.002609   -4.49   -3.89  1.16   328.82
5582.687450   1.001661   0.002609   -4.69   -3.93  1.16   327.98
5582.687850   1.006073   0.002614   -5.12   -3.87  1.15   325.27
5582.688220   1.003073   0.002610   -5.26   -3.51  1.15   322.27
5582.688970   1.001210   0.002615   -6.25   -3.40  1.15   316.25
5582.689350   0.998060   0.002602   -6.96   -3.34  1.15   313.82
5582.689720   1.000374   0.002604   -7.42   -3.49  1.15   309.65
5582.690130   1.005581   0.002618   -2.23   -4.28  1.15   301.51
5582.690510   1.002487   0.002586   -2.82   -3.96  1.15   297.07
5582.690880   1.002582   0.002592   -3.00   -4.01  1.15   297.40
5582.691250   1.001817   0.002582   -3.27   -3.89  1.15   298.07
5582.691630   1.000518   0.002579   -3.98   -3.75  1.14   298.47
5582.692000   1.002616   0.002581   -4.53   -4.01  1.14   300.32
5582.692380   1.000215   0.002585   -4.89   -4.35  1.14   300.83
5582.693130   0.995859   0.002566   -5.41   -4.03  1.14   299.09
5582.693500   1.000333   0.002572   -5.53   -3.94  1.14   297.96
5582.693880   0.998635   0.002566   -5.71   -3.86  1.14   297.54
5582.694260   0.997265   0.002568   -6.20   -3.77  1.14   298.14
5582.694630   0.997719   0.002573   -6.35   -3.65  1.14   296.90
5582.695010   1.003292   0.002581   -7.15   -3.65  1.14   297.44
5582.695420   0.999602   0.002581   -3.02   -4.54  1.13   298.13
5582.695790   1.000632   0.002578   -3.33   -4.51  1.13   299.07
5582.696170   0.994169   0.002575   -3.67   -4.31  1.13   299.68
5582.696540   0.999611   0.002577   -4.03   -4.30  1.13   300.70
5582.696920   1.001214   0.002573   -4.67   -4.19  1.13   299.78
5582.697290   1.000528   0.002582   -4.81   -3.68  1.13   300.84
5582.697670   1.002269   0.002579   -5.58   -3.87  1.13   301.80
5582.698050   0.999456   0.002570   -5.60   -4.28  1.13   300.89
5582.698420   0.999115   0.002575   -5.78   -4.29  1.13   302.74
5582.698790   0.997496   0.002575   -6.14   -4.16  1.13   302.73
5582.699160   0.999923   0.002579   -6.69   -4.16  1.13   303.36
5582.699570   1.001382   0.002570   -6.88   -4.19  1.13   303.26
5582.699940   1.000064   0.002561   -6.98   -4.10  1.12   303.12
5582.700320   1.001309   0.002565   -7.64   -4.27  1.12   302.35
5582.700730   1.002015   0.002577   -2.62   -4.10  1.12   302.17
5582.701110   1.000414   0.002561   -2.95   -4.36  1.12   301.30
5582.701480   0.999286   0.002561   -3.08   -4.19  1.12   301.09
5582.701860   1.003764   0.002565   -3.63   -4.29  1.12   301.41
5582.702270   0.999436   0.002557   -3.96   -4.27  1.12   300.31
5582.702640   0.999535   0.002559   -4.21   -4.39  1.12   299.89
5582.703010   0.999665   0.002559   -4.38   -4.21  1.12   297.84
5582.703390   1.000950   0.002558   -4.93   -4.10  1.12   296.46
5582.703760   0.997959   0.002552   -5.67   -4.08  1.12   295.07
5582.704140   1.001497   0.002551   -5.80   -4.08  1.12   293.19
5582.704510   0.999386   0.002550   -5.81   -4.14  1.11   289.82
5582.704880   1.002233   0.002550   -6.09   -4.10  1.11   287.75
5582.705260   1.004957   0.002555   -6.58   -4.09  1.11   288.20
5582.705640   0.995506   0.002538   -7.15   -4.22  1.11   288.11
5582.706040   0.995761   0.002538   -7.82   -4.21  1.11   286.32
5582.706470   0.996511   0.002534   -2.50   -4.64  1.11   285.10
5582.706840   0.997707   0.002538   -2.85   -4.70  1.11   285.92
5582.707220   1.004564   0.002556   -3.23   -4.49  1.11   286.87
5582.707590   1.002073   0.002551   -3.43   -4.72  1.11   287.01
5582.707970   1.000311   0.002556   -3.89   -4.69  1.11   288.30
5582.708370   1.000395   0.002544   -4.08   -4.71  1.11   288.50
5582.708750   1.005019   0.002556   -4.55   -4.77  1.11   289.31
5582.709120   1.000365   0.002550   -5.10   -4.84  1.11   290.76
5582.709500   1.000451   0.002545   -5.38   -4.58  1.10   291.39
5582.709870   0.998833   0.002550   -5.49   -4.61  1.10   292.03
5582.710240   0.997267   0.002549   -6.19   -4.52  1.10   292.05
5582.710620   0.998701   0.002540   -6.52   -4.58  1.10   291.61
5582.711000   0.999734   0.002547   -6.52   -4.50  1.10   293.05
5582.711380   1.004720   0.002547   -7.00   -4.78  1.10   293.59
5582.711750   0.995608   0.002544   -7.36   -4.67  1.10   292.71
5582.712160   1.000731   0.002549   -2.72   -4.75  1.10   292.45
5582.712540   1.003114   0.002553   -3.12   -4.67  1.10   292.38
5582.712910   0.998026   0.002542   -4.03   -4.84  1.10   291.95
5582.713280   1.003784   0.002547   -3.98   -4.83  1.10   290.89
5582.713660   0.996904   0.002542   -4.63   -5.28  1.10   288.84
5582.714070   0.999605   0.002538   -5.17   -5.24  1.10   285.68
5582.714440   0.997694   0.002530   -5.42   -5.03  1.10   282.38
5582.715190   0.999377   0.002535   -6.29   -5.07  1.09   280.09
5582.715590   0.999638   0.002533   -7.31   -5.12  1.09   278.05
5582.716010   1.002148   0.002543   -2.46   -4.63  1.09   275.02
5582.716380   1.000521   0.002537   -2.82   -4.52  1.09   273.43
5582.716760   0.999408   0.002528   -2.75   -4.17  1.09   272.63
5582.717140   1.003775   0.002539   -3.48   -4.19  1.09   273.32
5582.717510   1.000219   0.002531   -4.42   -4.27  1.09   272.50
5582.717880   1.000261   0.002530   -4.69   -4.26  1.09   272.12
5582.718260   1.003492   0.002534   -5.13   -4.39  1.09   270.88
5582.718630   0.997605   0.002523   -5.39   -4.56  1.09   269.23
5582.719010   0.995001   0.002514   -5.63   -4.32  1.09   267.23
5582.719380   0.999469   0.002523   -6.18   -4.19  1.09   265.55
5582.719760   0.997456   0.002529   -6.64   -4.28  1.09   264.92
5582.720130   0.997005   0.002515   -7.23   -4.30  1.09   262.75
5582.720540   1.001954   0.002525   -2.61   -4.42  1.09   261.82
5582.720920   1.002467   0.002528   -3.01   -4.30  1.08   261.21
5582.721300   1.000603   0.002521   -3.09   -4.33  1.08   259.06
5582.721670   1.000519   0.002521   -3.51   -4.20  1.08   257.64
5582.722050   1.001357   0.002519   -4.15   -4.20  1.08   254.96
5582.722420   0.997588   0.002513   -4.61   -3.92  1.08   254.20
5582.722800   0.998617   0.002512   -4.89   -3.78  1.08   252.16
5582.723170   0.996319   0.002509   -5.08   -3.83  1.08   250.57
5582.723550   1.001947   0.002515   -5.63   -4.14  1.08   248.92
5582.723950   0.997660   0.002506   -6.12   -4.41  1.08   248.90
5582.724330   1.001373   0.002515   -6.96   -4.40  1.08   249.31
5582.724700   0.995008   0.002498   -6.84   -4.18  1.08   249.15
5582.725070   1.003055   0.002510   -7.09   -4.09  1.08   247.56
5582.725480   0.996791   0.002500   -7.07   -4.08  1.08   247.32
5582.725850   1.003185   0.002515   -7.74   -3.85  1.08   247.32
5582.726260   1.002608   0.002515   -2.57   -4.24  1.08   248.42
5582.726640   1.000830   0.002514   -2.69   -4.12  1.08   248.70
5582.727010   0.997639   0.002506   -2.77   -4.15  1.08   249.19
5582.727390   0.999538   0.002511   -3.05   -3.88  1.08   250.16
5582.727790   0.997675   0.002510   -3.28   -3.51  1.07   250.05
5582.728170   0.998890   0.002505   -3.58   -3.63  1.07   248.92
5582.728540   1.002889   0.002512   -3.78   -3.78  1.07   249.88
5582.728910   0.999772   0.002506   -3.45   -3.76  1.07   249.09
5582.729290   1.000035   0.002503   -3.83   -3.94  1.07   248.41
5582.729670   0.996892   0.002495   -4.31   -3.94  1.07   249.36
5582.730040   1.002750   0.002514   -4.31   -3.69  1.07   251.25
5582.730420   0.998486   0.002498   -4.52   -3.88  1.07   251.81
5582.730830   1.000068   0.002501   -4.93   -3.58  1.07   253.68
5582.731580   1.000269   0.002503   -5.38   -3.66  1.07   256.30
5582.731980   0.999845   0.002509   -5.55   -3.21  1.07   258.68
5582.732350   0.998235   0.002508   -6.17   -3.28  1.07   260.67
5582.732730   0.998343   0.002500   -6.66   -3.59  1.07   261.45
5582.733100   1.001427   0.002504   -7.39   -3.17  1.07   262.77
5582.733510   1.000491   0.002505   -2.41   -4.22  1.07   264.88
5582.733890   1.002450   0.002509   -3.03   -4.09  1.07   265.61
5582.734260   1.001958   0.002511   -3.59   -4.10  1.07   265.30
5582.734640   0.999757   0.002505   -4.51   -4.22  1.07   264.43
5582.735010   0.998977   0.002504   -5.48   -4.28  1.07   264.41
5582.735380   0.995510   0.002492   -6.23   -4.30  1.07   262.99
5582.735760   0.999285   0.002496   -6.91   -3.83  1.07   260.88
5582.736160   0.998908   0.002499   -7.37   -3.47  1.06   258.36
5582.736590   0.997334   0.002496   -2.64   -4.30  1.06   256.13
5582.736970   0.997252   0.002502   -3.22   -4.24  1.06   255.12
5582.737340   0.999028   0.002494   -3.32   -4.28  1.06   253.78
5582.737710   0.998576   0.002490   -4.00   -4.04  1.06   251.65
5582.738120   0.998639   0.002505   -4.43   -3.92  1.06   251.26
5582.738490   0.997287   0.002495   -4.83   -3.78  1.06   251.46
5582.738870   0.997807   0.002505   -5.39   -3.77  1.06   251.84
5582.739280   1.001229   0.002502   -5.78   -3.80  1.06   250.16
5582.739650   0.995752   0.002495   -6.13   -3.47  1.06   249.09
5582.740030   0.997758   0.002493   -6.37   -3.52  1.06   248.70
5582.740430   0.996305   0.002490   -6.80   -3.71  1.06   248.85
5582.740810   0.999398   0.002498   -7.46   -3.44  1.06   247.87
5582.741220   0.997227   0.002508   -2.61   -4.56  1.06   247.68
5582.741600   0.996503   0.002504   -2.68   -4.52  1.06   248.68
5582.741970   0.998631   0.002514   -3.15   -4.58  1.06   249.15
5582.742350   0.997512   0.002510   -3.15   -4.52  1.06   248.08
5582.742720   1.002213   0.002512   -3.37   -4.45  1.06   245.87
5582.743100   0.997909   0.002507   -3.79   -4.39  1.06   244.28
5582.743470   0.998940   0.002502   -4.03   -4.54  1.06   242.84
5582.743850   0.999572   0.002498   -4.25   -4.11  1.06   242.77
5582.744220   0.998566   0.002503   -4.39   -4.20  1.06   243.54
5582.744600   1.000677   0.002505   -4.81   -4.45  1.06   244.52
5582.744970   0.999900   0.002508   -5.09   -4.46  1.06   245.00
5582.745350   0.997375   0.002504   -5.42   -4.31  1.06   245.50
5582.745720   0.999697   0.002503   -5.86   -4.18  1.06   245.10
5582.746090   0.996455   0.002510   -6.44   -3.89  1.06   245.40
5582.746480   0.995815   0.002494   -6.90   -4.37  1.05   244.56
5582.746850   0.998917   0.002505   -7.19   -3.72  1.05   245.77
5582.747260   0.999075   0.002502   -1.74   -4.92  1.05   247.12
5582.747640   1.001668   0.002501   -1.92   -4.78  1.05   247.19
5582.748010   0.998633   0.002495   -2.34   -4.92  1.05   248.39
5582.748380   0.996017   0.002493   -3.03   -4.80  1.05   247.90
5582.748760   0.999905   0.002501   -3.78   -4.64  1.05   248.46
5582.749140   0.999024   0.002500   -3.94   -4.58  1.05   248.02
5582.749510   0.999228   0.002502   -4.06   -4.88  1.05   248.59
5582.749890   0.999542   0.002501   -4.30   -4.43  1.05   247.08
5582.750300   0.995754   0.002490   -5.00   -4.17  1.05   246.20
5582.750670   1.001337   0.002499   -5.36   -4.63  1.05   245.39
5582.751050   1.000438   0.002493   -5.67   -4.71  1.05   244.20
5582.751420   1.000185   0.002491   -6.26   -4.56  1.05   243.26
5582.751800   1.002692   0.002495   -7.03   -4.58  1.05   242.37
5582.752170   1.000732   0.002493   -7.39   -4.02  1.05   241.46
5582.752590   1.000462   0.002496   -2.23   -4.53  1.05   240.98
5582.752970   1.001036   0.002491   -2.55   -4.41  1.05   239.90
5582.753340   1.002560   0.002504   -2.78   -4.33  1.05   239.07
5582.753720   1.006177   0.002502   -2.67   -4.48  1.05   237.66
5582.754090   1.004993   0.002490   -2.98   -4.19  1.05   236.08
5582.754500   0.998415   0.002484   -3.75   -4.19  1.05   235.86
5582.754870   0.998476   0.002492   -3.89   -3.83  1.05   236.42
5582.755250   1.001748   0.002497   -4.25   -3.99  1.05   236.03
5582.755620   0.999057   0.002503   -4.53   -4.02  1.05   234.89
5582.756020   0.996170   0.002492   -4.84   -3.63  1.05   234.59
5582.756400   1.001509   0.002504   -5.36   -3.70  1.05   235.00
5582.756770   0.994687   0.002486   -5.51   -3.89  1.05   234.37
5582.757150   0.998695   0.002494   -5.57   -3.94  1.05   235.26
5582.757520   1.000428   0.002497   -5.42   -3.94  1.05   236.00
5582.757900   0.999949   0.002494   -5.63   -3.79  1.05   237.02
5582.758270   0.998378   0.002489   -5.95   -3.94  1.05   237.23
5582.758640   0.999982   0.002491   -5.73   -4.04  1.05   237.19
5582.759020   1.003577   0.002498   -6.33   -3.61  1.05   237.53
5582.759400   1.004198   0.002493   -6.96   -3.52  1.05   238.18
5582.759770   0.999227   0.002483   -7.08   -3.75  1.05   237.02
5582.760180   0.997017   0.002482   -0.36   -3.97  1.05   235.63
5582.760560   1.003458   0.002494   -0.71   -3.77  1.05   235.09
5582.760930   1.002892   0.002490   -1.01   -3.77  1.05   233.96
5582.761310   1.001149   0.002487   -1.27   -3.75  1.05   232.40
5582.761680   0.999149   0.002488   -1.84   -3.60  1.05   231.12
5582.762060   1.002220   0.002492   -2.27   -3.42  1.05   230.44
5582.762430   1.003516   0.002497   -2.68   -3.40  1.05   229.90
5582.762810   1.000906   0.002500   -2.88   -3.24  1.05   227.70
5582.763190   1.001011   0.002500   -3.40   -3.09  1.05   227.23
5582.763560   0.999978   0.002496   -4.18   -2.80  1.04   226.18
5582.763930   0.999073   0.002488   -4.91   -3.41  1.04   225.80
5582.764310   1.001205   0.002484   -6.01   -2.96  1.04   226.02
5582.764680   1.000788   0.002482   -6.56   -2.68  1.04   226.00
5582.765060   0.999937   0.002491   -7.25   -2.32  1.04   225.58
5582.765470   1.003675   0.002503   -0.63   -3.90  1.04   225.81
5582.765850   0.997311   0.002489   -1.06   -3.58  1.04   226.10
5582.766220   0.994753   0.002487   -1.90   -3.41  1.04   225.93
5582.766600   0.998996   0.002486   -2.34   -3.10  1.04   225.42
5582.766970   0.997337   0.002490   -2.63   -3.21  1.04   225.25
5582.767350   0.995091   0.002487   -3.32   -2.89  1.04   224.83
5582.767720   1.001378   0.002492   -3.73   -2.83  1.04   224.54
5582.768100   0.998095   0.002488   -4.37   -2.66  1.04   223.96
5582.768470   0.996237   0.002482   -4.69   -2.38  1.04   223.32
5582.768850   0.996990   0.002479   -5.42   -2.33  1.04   222.12
5582.769220   1.000489   0.002483   -5.56   -2.18  1.04   220.59
5582.769590   1.005699   0.002493   -5.87   -2.02  1.04   219.50
5582.769970   1.000234   0.002485   -6.20   -1.82  1.04   218.83
5582.770350   1.000720   0.002481   -6.31   -1.55  1.04   218.60
5582.770720   0.999070   0.002476   -6.61   -1.49  1.04   217.36
5582.771140   0.995131   0.002468   -1.74   -4.55  1.04   215.81
5582.771510   0.999330   0.002475   -1.75   -4.34  1.04   215.66
5582.771890   0.999866   0.002469   -2.09   -4.35  1.04   215.14
5582.772260   1.005432   0.002473   -2.33   -4.47  1.04   214.75
5582.772630   0.997411   0.002471   -2.60   -4.49  1.04   214.86
5615.787160   1.002169   0.002094    0.00    0.00  1.19   396.88
5615.787770   0.997096   0.002091    3.03    4.35  1.19   396.36
5615.788330   1.003053   0.002097    2.59    4.06  1.19   395.88
5615.788880   1.001028   0.002097    1.45    4.30  1.19   395.52
5615.789430   0.998163   0.002093    1.60    4.08  1.19   395.76
5615.789980   1.000543   0.002099    0.95    3.98  1.19   397.31
5615.790530   1.000306   0.002100   -0.04    4.14  1.20   398.87
5615.791090   1.000305   0.002103   -0.50    4.18  1.20   401.63
5615.791640   1.000634   0.002104   -1.00    4.38  1.20   403.33
5615.792220   0.999949   0.002107    3.28    4.63  1.20   404.55
5615.792770   1.004319   0.002114    3.06    4.81  1.20   403.81
5615.793330   0.999876   0.002110    2.83    4.57  1.21   401.44
5615.793880   1.000698   0.002111    2.13    4.90  1.21   399.59
5615.794430   1.000944   0.002111    1.65    4.98  1.21   398.14
5615.794990   1.000745   0.002109    1.20    5.12  1.21   397.42
5615.795540   0.999245   0.002112    1.40    5.45  1.21   397.65
5615.796090   1.002062   0.002116    1.14    5.50  1.22   398.54
5615.796640   0.998652   0.002113    0.76    5.87  1.22   400.21
5615.797190   0.998916   0.002116    0.60    6.07  1.22   402.36
5615.797740   0.997785   0.002116   -0.11    6.28  1.22   402.94
5615.798290   0.999145   0.002119   -0.53    6.46  1.22   404.26
5615.798910   0.997171   0.002121    4.94    4.34  1.23   403.98
5615.799460   0.997834   0.002118    4.40    4.55  1.23   400.92
5615.800010   0.999211   0.002119    4.33    4.63  1.23   395.09
5615.800560   1.000650   0.002123    3.92    4.78  1.23   390.18
5615.801110   0.999740   0.002122    3.40    5.08  1.23   388.73
5615.801650   0.999981   0.002124    2.86    5.24  1.24   388.83
5615.802210   0.999427   0.002122    2.39    5.43  1.24   388.95
5615.802760   1.000955   0.002128    1.75    5.62  1.24   390.41
5615.803310   0.998962   0.002125    1.66    5.67  1.24   391.92
5615.803890   0.997742   0.002130    1.19    5.57  1.24   394.15
5615.804990   1.001018   0.002139   -0.24    6.06  1.25   399.25
5615.805580   1.002110   0.002140    4.21    4.48  1.25   396.45
5615.806130   0.998166   0.002137    3.65    4.74  1.25   391.17
5615.806700   0.998557   0.002138    3.67    4.67  1.26   387.34
5615.807250   0.999872   0.002141    3.53    4.90  1.26   387.27
5615.807830   0.999972   0.002144    3.39    5.17  1.26   390.18
5615.808380   0.999343   0.002146    2.57    5.32  1.26   395.59
5615.808930   1.001345   0.002152    1.92    5.29  1.27   401.28
5615.809480   0.998760   0.002152    1.64    5.71  1.27   404.95
5615.810030   1.002111   0.002158    0.83    5.83  1.27   405.74
5615.810580   1.001739   0.002156    0.71    5.90  1.27   405.91
5615.811130   1.001006   0.002161    0.29    5.90  1.27   405.65
5615.811680   1.000564   0.002161   -0.20    6.21  1.28   406.21
5615.812260   0.997095   0.002161    4.38    4.63  1.28   409.22
5615.812810   1.000094   0.002166    4.07    4.89  1.28   411.88
5615.813390   1.000283   0.002168    3.57    5.01  1.28   414.38
5615.813940   0.998892   0.002171    3.36    5.08  1.29   415.43
5615.814490   1.002541   0.002176    3.09    5.08  1.29   415.62
5615.815040   1.000025   0.002173    2.73    5.09  1.29   413.83
5615.815590   0.999093   0.002176    2.30    5.26  1.29   412.52
5615.816140   0.999712   0.002178    1.85    5.23  1.30   412.19
5615.816690   0.999344   0.002180    1.47    5.32  1.30   411.36
5615.817240   1.004242   0.002187    1.06    5.51  1.30   408.39
5615.817790   1.002373   0.002187    0.80    5.69  1.31   406.30
5615.818340   1.003050   0.002185    0.35    5.77  1.31   405.48
5615.818890   1.002838   0.002190    0.08    5.73  1.31   407.13
5615.819440   1.001580   0.002193   -0.21    5.80  1.31   410.63
5615.820060   1.000083   0.002193    4.14    4.75  1.32   412.97
5615.820610   1.001112   0.002197    3.29    4.86  1.32   414.31
5615.821160   1.004124   0.002201    3.37    4.95  1.32   413.44
5615.821710   0.999490   0.002199    3.08    5.11  1.32   411.58
5615.822260   0.999569   0.002200    3.06    5.57  1.33   409.07
5615.822810   0.997474   0.002200    3.13    5.69  1.33   408.51
5615.823360   0.999380   0.002206    2.60    6.02  1.33   409.29
5615.823910   0.999051   0.002210    2.34    6.02  1.34   413.52
5615.824460   1.001098   0.002218    2.37    6.74  1.34   418.61
5615.825570   1.000310   0.002222    1.78    7.43  1.34   422.72
5615.826110   1.002568   0.002227    1.06    7.56  1.35   421.29
5615.826700   1.002306   0.002229    4.37    4.54  1.35   418.22
5615.827250   0.998807   0.002224    3.81    4.85  1.35   416.68
5615.827800   1.001207   0.002229    3.66    4.99  1.36   417.05
5615.828350   1.000381   0.002232    3.62    5.24  1.36   420.17
5615.830770   0.996435   0.002245   -0.51    0.83  1.37   434.49
5615.831380   1.001533   0.002254    3.99    5.15  1.38   435.91
5615.831930   1.001542   0.002257    3.81    5.29  1.38   435.76
5615.832480   1.001012   0.002260    3.50    5.40  1.38   436.44
5615.833020   0.999029   0.002260    3.31    5.48  1.39   441.36
5615.833570   0.998570   0.002264    3.00    5.92  1.39   443.97
5615.834120   0.999422   0.002267    2.56    6.11  1.39   442.10
5615.834670   1.000972   0.002276    2.53    6.48  1.40   447.11
5615.835220   1.002045   0.002280    2.30    6.83  1.40   446.58
5615.835770   1.000484   0.002280    2.00    7.08  1.40   443.29
5615.836320   1.004455   0.002289    2.33    7.66  1.40   436.19
5615.836870   0.999923   0.002283    1.99    7.80  1.41   434.39
5615.837420   1.001481   0.002289    2.11    8.39  1.41   438.78
5615.838000   1.001225   0.002294    5.02    4.62  1.42   441.23
5615.838560   0.999058   0.002293    4.60    4.60  1.42   447.93
5615.839100   0.996858   0.002297    4.44    4.76  1.42   454.13
5615.839650   0.999694   0.002305    4.29    4.88  1.43   459.29
5615.840200   0.995801   0.002304    4.26    5.40  1.43   462.42
5615.840750   0.998171   0.002310    3.64    5.53  1.43   461.81
5615.841300   0.997048   0.002311    3.49    5.56  1.44   462.45
5615.841850   1.000608   0.002319    3.37    5.78  1.44   463.07
5615.842430   0.995865   0.002317    3.34    5.65  1.44   465.44
5615.842980   0.998275   0.002323    3.34    5.83  1.45   467.10
5615.843530   1.000171   0.002330    2.93    6.09  1.45   468.82
5615.844080   0.996409   0.002331    2.41    6.38  1.45   470.99
5615.844660   0.999525   0.002339    2.46    6.58  1.46   473.15
5615.845210   0.997540   0.002342    1.93    6.24  1.46   475.55
5615.845760   0.999432   0.002351    1.22    6.46  1.47   478.56
5615.846310   0.998593   0.002354    0.68    6.14  1.47   479.45
5615.846860   0.998427   0.002357    0.57    6.65  1.47   478.18
5615.847420   1.000340   0.002362    0.58    6.85  1.48   477.55
5615.847960   0.997916   0.002362   -0.21    7.17  1.48   476.49
5615.848550   0.998635   0.002368    4.90    4.81  1.49   476.17
5615.849100   0.998726   0.002371    4.67    4.80  1.49   476.11
5615.849680   0.998998   0.002378    4.06    5.38  1.49   481.59
5615.850220   0.998418   0.002382    3.63    5.31  1.50   484.02
5615.850770   0.998353   0.002386    3.78    5.31  1.50   489.09
5615.851320   0.998505   0.002390    3.72    5.44  1.51   484.06
5615.851900   1.000551   0.002396    3.30    5.59  1.51   482.19
5615.852450   0.998694   0.002396    3.11    5.95  1.51   475.89
5615.853000   0.998082   0.002398    2.97    5.85  1.52   475.85
5615.854100   0.996569   0.002405    2.86    6.12  1.53   474.44
5615.854650   0.999314   0.002414    2.50    6.06  1.53   475.40
5615.855200   1.001187   0.002421    2.61    6.24  1.54   475.23
5615.855750   1.000309   0.002424    2.59    6.12  1.54   475.00
5615.856300   0.995613   0.002419    2.52    6.55  1.54   470.98
5615.856840   0.996575   0.002426    2.33    6.47  1.55   470.95
5615.857940   0.999429   0.002439    1.25    6.48  1.56   471.78
5615.858520   0.998589   0.002444    1.05    6.75  1.56   472.69
5615.859060   0.999459   0.002450    0.83    6.68  1.57   474.67
5615.859610   1.001715   0.002461    0.73    6.72  1.57   478.10
5615.860160   0.999275   0.002461    0.66    6.91  1.58   479.90
5615.860710   0.999664   0.002469    0.79    6.98  1.58   480.40
5615.861260   1.000947   0.002478    0.80    7.05  1.59   483.20
5615.861840   1.000090   0.002483    4.04    4.85  1.59   487.60
5615.862390   0.998742   0.002489    3.94    4.91  1.59   495.14
5615.862940   0.999853   0.002498    3.61    5.04  1.60   501.36
5615.863490   0.995896   0.002498    3.48    5.14  1.60   502.56
5615.864040   0.999080   0.002508    3.28    5.33  1.61   498.52
5615.864590   0.999390   0.002511    3.26    5.67  1.61   495.34
5615.865140   1.000077   0.002518    3.35    6.04  1.62   494.64
5615.865690   1.004320   0.002531    2.98    6.24  1.62   497.89
5615.866230   1.000854   0.002533    2.47    6.72  1.63   501.36
5615.866780   0.997819   0.002535    2.56    7.07  1.63   504.21
5615.867330   0.999877   0.002544    2.42    7.33  1.64   506.09
5615.867880   1.000269   0.002548    2.38    7.92  1.64   504.81
5615.868430   0.998498   0.002554    2.26    8.24  1.65   503.35
5615.869010   0.999770   0.002563    4.78    4.55  1.65   503.17
5615.869560   1.000009   0.002571    4.23    4.46  1.66   504.83
5615.870100   1.000409   0.002576    4.18    4.71  1.67   505.06
5615.870650   1.002613   0.002587    4.07    4.81  1.67   506.86
5615.871200   0.999176   0.002587    3.91    4.86  1.68   508.34
5615.871750   0.999946   0.002597    3.48    4.80  1.68   508.95
5615.874150   0.997301   0.002627   -0.72    0.97  1.71   520.32
5615.874740   0.998447   0.002635    3.91    4.95  1.71   518.32
5615.875290   0.998558   0.002644    4.03    5.22  1.72   516.95
5615.875840   0.999740   0.002652    4.19    5.47  1.72   514.67
5615.876400   1.000533   0.002662    4.04    5.37  1.73   513.39
5615.876950   1.000978   0.002672    4.13    5.15  1.73   515.44
5615.877500   1.001657   0.002681    4.38    5.57  1.74   519.12
5615.878050   1.002316   0.002688    4.29    5.59  1.75   521.26
5615.878600   0.999088   0.002691    4.27    5.57  1.75   521.88
5615.879180   0.997983   0.002697    4.16    5.82  1.76   522.24
5615.879730   0.997941   0.002707    3.81    5.65  1.77   528.23
5615.880280   1.000832   0.002721    4.12    5.76  1.77   533.35
5615.880840   0.996214   0.002723    3.78    6.11  1.78   538.67
5615.881390   0.996806   0.002736    3.51    6.49  1.78   544.08
5615.881940   1.001259   0.002751    3.52    6.45  1.79   544.38
5615.882490   0.996650   0.002752    2.77    6.53  1.80   542.74
5615.883040   0.999640   0.002763    2.22    6.43  1.80   542.23
5615.883590   0.998866   0.002772    2.29    6.78  1.81   542.20
5615.884140   0.998160   0.002783    2.25    6.97  1.82   545.93
5615.884690   1.003668   0.002802    2.08    6.87  1.82   549.23
5615.885240   1.000250   0.002807    1.59    7.03  1.83   554.49
5615.885780   0.998253   0.002813    1.06    7.35  1.84   560.30
5615.886370   1.002778   0.002835    4.62    4.31  1.84   563.93
5615.886920   0.999982   0.002839    4.26    4.59  1.85   565.09
5615.887460   0.999528   0.002847    4.03    4.60  1.86   565.73
5615.888560   1.002243   0.002872    3.12    4.89  1.87   566.50
5615.889120   0.997898   0.002871    2.50    5.11  1.88   570.21
5615.889670   1.001214   0.002892    2.00    5.46  1.88   574.44
5615.890210   1.002423   0.002906    2.07    5.66  1.89   578.29
5615.890770   1.004653   0.002921    1.96    5.97  1.90   581.21
5615.891320   0.999848   0.002924    1.52    6.08  1.91   580.04
5615.891870   1.001443   0.002937    1.16    5.95  1.91   580.61
5615.892960   1.003254   0.002965    1.22    6.43  1.93   585.97
5615.893510   1.000786   0.002972    0.90    6.57  1.94   588.43
5615.894060   1.000373   0.002985    0.69    6.51  1.94   590.71
5615.894610   0.999547   0.002995    0.71    6.53  1.95   595.18
5615.895160   1.001391   0.003013    0.36    6.58  1.96   601.45
5615.895740   1.002316   0.003033    4.18    4.18  1.97   609.76
5615.896420   1.001441   0.003044    4.15    4.29  1.98   616.83
5615.896970   1.000118   0.003054    4.18    4.48  1.99   620.07
5615.897510   0.997468   0.003066    4.02    4.58  1.99   625.90
5615.898060   0.998556   0.003083    4.02    4.65  2.00   629.93
5615.898610   0.998235   0.003095    3.29    4.87  2.01   634.37
5615.899160   0.997626   0.003110    3.26    4.91  2.02   639.51
5616.569510   0.998414   0.002367   -2.69   -3.49  1.24   421.21
5616.570060   0.998310   0.002365   -3.42   -4.36  1.24   420.12
5616.570610   1.002835   0.002367   -3.90   -4.51  1.24   418.99
5616.571160   1.000828   0.002364   -4.93   -4.91  1.24   419.21
5616.571710   0.998228   0.002360   -4.77   -5.49  1.23   418.09
5616.572260   0.998417   0.002354   -5.23   -5.76  1.23   416.47
5616.572810   1.000478   0.002357   -6.00   -6.03  1.23   415.12
5616.573390   0.996940   0.002352   -6.20   -6.45  1.23   413.48
5616.573990   1.002580   0.002351   -3.17   -3.08  1.23   411.39
5616.574530   1.000626   0.002345   -4.72   -3.52  1.22   410.05
5616.575090   1.002480   0.002347   -4.27   -3.18  1.22   408.91
5616.575640   1.000141   0.002348   -4.80   -3.57  1.22   408.56
5616.576190   1.000195   0.002344   -5.83   -4.00  1.22   408.26
5616.576740   1.002479   0.002346   -5.37   -4.06  1.22   406.88
5616.577290   0.999762   0.002343   -5.74   -4.12  1.21   407.18
5616.578400   1.001874   0.002344   -7.00   -4.64  1.21   405.15
5616.579000   0.999016   0.002331   -2.91   -3.29  1.21   403.94
5616.579550   1.000714   0.002333   -3.87   -3.09  1.21   404.11
5616.580110   1.000994   0.002333   -4.66   -3.17  1.20   403.57
5616.580660   1.001580   0.002329   -4.96   -3.67  1.20   403.14
5616.581760   1.000573   0.002328   -6.25   -4.00  1.20   401.51
5616.582310   0.999913   0.002329   -6.61   -3.11  1.20   401.73
5616.582890   1.000099   0.002326   -7.22   -3.25  1.19   400.61
5616.583480   0.999609   0.002325   -2.37   -3.68  1.19   397.33
5616.584030   0.999205   0.002318   -3.25   -3.08  1.19   394.20
5616.584620   1.000538   0.002314   -3.80   -4.06  1.19   393.40
5616.585730   0.999437   0.002306   -5.26   -3.51  1.18   387.54
5616.586280   1.001150   0.002306   -5.89   -3.64  1.18   385.70
5616.586840   1.000441   0.002307   -5.37   -3.97  1.18   384.89
5616.587390   0.998459   0.002298   -7.07   -3.66  1.18   385.94
5616.588000   1.001260   0.002301   -2.60   -2.83  1.18   386.38
5616.588550   0.998361   0.002298   -2.52   -2.92  1.18   385.88
5616.589100   1.000332   0.002301   -2.82   -3.25  1.17   386.78
5616.589660   0.998807   0.002302   -3.68   -2.65  1.17   388.67
5616.590210   1.000697   0.002308   -4.41   -3.08  1.17   389.87
5616.590760   0.999606   0.002300   -5.06   -3.00  1.17   389.73
5616.591320   1.001036   0.002301   -5.64   -2.75  1.17   390.37
5616.591870   0.998555   0.002298   -6.58   -2.62  1.17   389.22
5616.592420   0.998926   0.002295   -7.17   -2.78  1.16   388.89
5616.592980   1.001184   0.002297   -7.70   -2.73  1.16   389.86
5616.593570   1.001356   0.002295   -2.67   -3.09  1.16   390.36
5616.594120   0.996924   0.002290   -3.34   -2.55  1.16   391.42
5616.594710   0.998765   0.002297   -6.40   -3.52  1.16   392.61
5616.595260   0.997262   0.002291   -4.43   -2.47  1.16   393.56
5616.595820   1.001325   0.002302   -5.15   -2.39  1.16   395.69
5616.596370   0.998540   0.002295   -5.59   -2.39  1.15   395.20
5616.596920   1.000711   0.002303   -9.00   -4.07  1.15   398.88
5616.597510   1.001616   0.002308   -2.74   -3.94  1.15   398.99
5616.598070   1.000800   0.002301   -5.22   -2.93  1.15   398.83
5616.598650   1.001273   0.002294   -3.80   -2.80  1.15   395.76
5616.599200   0.999210   0.002290   -4.82   -2.78  1.15   389.48
5616.599760   0.998748   0.002293   -4.61   -2.44  1.14   390.72
5616.600310   0.998496   0.002289   -4.99   -2.17  1.14   385.68
5616.600860   0.999035   0.002284   -5.55   -2.12  1.14   380.05
5616.601410   1.001652   0.002285   -5.62   -0.88  1.14   379.38
5616.602520   0.999901   0.002280   -5.90   -0.62  1.14   378.14
5616.603070   0.999018   0.002282   -7.17   -0.83  1.14   377.98
5616.603670   0.996518   0.002285   -2.99   -1.42  1.14   380.57
5616.604770   1.003381   0.002285   -4.85   -3.03  1.13   377.19
5616.605350   0.998928   0.002278   -6.59   -3.98  1.13   376.08
5616.605900   0.998321   0.002274   -4.32   -3.33  1.13   375.76
5616.606450   1.000109   0.002281   -4.81   -2.04  1.13   375.80
5616.607010   1.000574   0.002277   -6.02   -2.01  1.13   375.88
5616.608120   0.998331   0.002272   -5.91   -3.20  1.12   377.53
5616.608680   0.996943   0.002260   -6.59   -2.84  1.12   376.97
5616.609240   0.996637   0.002268   -7.57   -1.58  1.12   375.44
5616.609840   0.998131   0.002266   -2.15   -3.17  1.12   374.80
5616.612270   1.000871   0.002271   -0.01    1.25  1.12   383.07
5616.612890   1.001414   0.002263   -2.98   -3.08  1.11   381.15
5616.613440   0.998579   0.002255   -3.70   -4.04  1.11   381.52
5616.613990   1.002890   0.002261   -4.91   -3.09  1.11   383.76
5616.615640   0.998114   0.002258   -5.85   -3.35  1.11   380.07
5616.616190   1.000332   0.002255   -6.74   -3.32  1.11   379.75
5616.616740   0.999117   0.002253   -7.15   -3.89  1.11   381.12
5616.617300   0.997383   0.002254   -7.86   -3.16  1.11   382.94
5616.617850   1.000243   0.002255   -8.25   -3.72  1.10   381.70
5616.618400   0.999613   0.002255   -8.48   -4.07  1.10   381.07
5616.618990   1.000745   0.002258   -3.02   -2.49  1.10   381.34
5616.619540   1.000404   0.002254   -3.39   -3.04  1.10   379.50
5616.620090   0.999786   0.002258   -4.37   -3.36  1.10   380.47
5616.620640   1.001512   0.002258   -5.39   -3.11  1.10   380.95
5616.621740   1.001805   0.002252   -6.23   -2.70  1.10   378.35
5616.622300   1.000733   0.002252   -6.72   -3.19  1.10   379.09
5616.622840   0.999369   0.002249   -7.15   -3.44  1.10   379.74
5616.623390   0.997906   0.002248   -7.59   -3.66  1.09   381.82
5616.623950   0.998860   0.002256   -8.82   -2.83  1.09   384.59
5616.624540   1.000033   0.002252   -3.68   -4.03  1.09   384.64
5616.625090   0.998443   0.002253   -3.90   -4.08  1.09   385.19
5616.626180   0.999625   0.002250   -5.74   -3.81  1.09   386.73
5616.626740   0.999462   0.002253   -5.94   -3.54  1.09   384.39
5616.627850   1.000336   0.002246   -7.20   -3.89  1.09   380.72
5616.628400   0.998094   0.002247   -7.51   -3.39  1.09   380.28
5616.628960   0.997224   0.002245   -7.89   -3.81  1.09   378.27
5616.629510   0.999121   0.002248   -8.84   -2.84  1.08   380.30
5616.630100   1.001207   0.002250   -3.09   -3.89  1.08   381.15
5616.630650   0.997209   0.002242   -4.31   -4.15  1.08   381.51
5616.631210   0.997208   0.002244   -3.59   -2.65  1.08   380.45
5616.631760   0.998865   0.002242   -4.71   -3.55  1.08   379.28
5616.632320   0.999465   0.002249   -5.25   -4.06  1.08   382.17
5616.633420   1.000014   0.002245   -5.50   -2.64  1.08   383.37
5616.633970   1.000534   0.002248   -6.04   -3.11  1.08   381.90
5616.634530   1.000005   0.002244   -5.71   -2.08  1.08   381.50
5616.635080   0.998041   0.002240   -6.74   -3.30  1.08   383.78
5616.635630   0.999297   0.002246   -7.61   -4.05  1.08   383.79
5616.636180   1.000528   0.002250   -7.51   -2.44  1.07   382.77
5616.636730   1.000382   0.002253   -8.14   -2.62  1.07   381.54
5616.637320   0.996142   0.002240   -1.72   -3.30  1.07   381.58
5616.637870   0.996625   0.002241   -3.60   -4.36  1.07   381.82
5616.638420   0.997709   0.002244   -2.42   -4.00  1.07   383.61
5616.638970   0.998445   0.002239   -2.80   -2.74  1.07   384.45
5616.639530   0.999046   0.002244   -3.18   -3.29  1.07   388.04
5616.640090   1.000666   0.002245   -3.51   -2.29  1.07   389.76
5616.640640   1.000788   0.002248   -4.99   -2.79  1.07   389.71
5616.641230   0.997260   0.002242   -4.95   -2.34  1.07   389.94
5616.641780   0.999326   0.002241   -5.76   -2.55  1.07   389.35
5616.642330   0.997717   0.002243   -6.84   -1.58  1.07   387.58
5616.642880   0.998004   0.002243   -7.24   -3.05  1.07   387.34
5616.643440   1.000391   0.002242   -9.21   -1.56  1.07   387.54
5616.644590   0.999824   0.002245   -4.44   -1.98  1.06   387.71
5616.645150   0.997424   0.002240   -4.25   -2.29  1.06   386.36
5616.645700   0.999355   0.002239   -5.59   -1.72  1.06   385.47
5616.646260   1.000639   0.002246   -6.53   -0.99  1.06   383.77
5616.646810   0.996919   0.002234   -7.82   -1.80  1.06   382.88
5616.647370   1.002073   0.002239   -7.32   -1.40  1.06   383.03
5616.647930   0.997026   0.002233   -7.24   -2.33  1.06   384.39
5616.648530   0.998335   0.002239   -2.96   -1.45  1.06   387.37
5616.649090   0.999108   0.002239   -4.14   -1.23  1.06   387.82
5616.649650   0.997480   0.002238   -4.25   -1.64  1.06   387.90
5616.650210   1.000725   0.002243   -4.91   -2.12  1.06   389.64
5616.651320   0.996882   0.002239   -6.45   -1.38  1.06   388.75
5616.651880   1.001005   0.002239   -6.63   -0.91  1.06   386.08
5616.652430   0.999091   0.002236   -6.79   -1.24  1.06   384.85
5616.653030   1.000499   0.002240   -4.27   -0.73  1.06   383.81
5616.655520   0.997760   0.002236   -0.07   -0.44  1.05   385.91
5616.656100   1.000372   0.002238   -3.05   -3.38  1.05   384.35
5616.656650   0.998994   0.002228   -4.53   -3.49  1.05   384.21
5616.657200   0.998993   0.002233   -4.99   -3.58  1.05   385.25
5616.657760   0.998274   0.002232   -4.82   -3.41  1.05   386.84
5616.658310   0.999639   0.002232   -5.81   -3.41  1.05   386.53
5616.658860   0.999355   0.002234   -6.68   -3.13  1.05   387.85
5616.659410   1.000194   0.002236   -6.22   -2.21  1.05   388.41
5616.659960   1.001325   0.002233   -7.48   -3.57  1.05   389.71
5616.660520   1.000004   0.002232   -7.81   -3.10  1.05   389.28
5616.661070   1.000094   0.002234   -7.86   -2.29  1.05   388.82
5616.661620   1.000365   0.002228   -9.14   -2.87  1.05   388.55
5616.662220   0.999783   0.002231   -4.04   -4.11  1.05   387.39
5616.662770   1.000811   0.002230   -4.46   -3.72  1.05   386.28
5616.663320   1.000145   0.002228   -4.74   -3.79  1.05   384.67
5616.663870   1.000474   0.002230   -5.57   -3.77  1.05   383.15
5616.664430   1.001253   0.002231   -5.74   -3.93  1.05   383.09
5616.664980   1.000305   0.002224   -6.83   -4.19  1.05   384.59
5616.665530   1.000118   0.002226   -6.62   -3.95  1.05   385.85
5616.666080   0.995920   0.002221   -7.33   -3.77  1.05   386.39
5616.666640   1.000104   0.002229   -7.86   -3.98  1.05   387.40
5616.667190   1.000827   0.002229   -8.59   -3.80  1.05   388.86
5616.667780   1.002543   0.002230   -4.14   -4.14  1.05   389.79
5616.668330   0.999925   0.002230   -4.68   -3.88  1.05   391.41
5616.668910   0.999672   0.002233   -5.78   -3.91  1.05   393.10
5616.669460   1.000277   0.002228   -6.44   -4.50  1.05   394.17
5616.670020   1.002575   0.002229   -7.19   -3.93  1.05   392.75
5616.670570   1.001730   0.002230   -7.99   -4.07  1.05   391.63
5616.671120   0.999764   0.002228   -8.63   -3.51  1.05   390.68
5616.671700   0.997774   0.002224   -3.69   -3.64  1.04   391.50
5616.672250   1.001165   0.002226   -5.07   -4.10  1.04   392.99
5616.672800   0.999337   0.002227   -6.12   -3.07  1.04   394.94
5616.673360   0.998706   0.002227   -6.41   -2.95  1.04   398.08
5616.673910   1.001286   0.002232   -7.01   -2.74  1.04   400.75
5616.674460   1.000317   0.002232   -7.57   -2.75  1.04   404.28
5616.675010   0.999260   0.002238   -8.36   -2.82  1.04   408.09
5616.675600   0.997729   0.002240   -4.07   -3.66  1.04   406.58
5616.676700   0.999077   0.002233   -5.01   -3.25  1.04   395.92
5616.677250   0.999189   0.002224   -5.52   -3.29  1.04   392.61
5616.677800   1.000594   0.002233   -5.85   -3.55  1.04   393.79
5616.678350   0.998739   0.002231   -5.16   -1.66  1.04   394.76
5616.678900   1.001694   0.002232   -6.44   -2.86  1.04   391.90
5616.680000   1.000381   0.002233   -6.89   -3.22  1.04   393.33
5616.680560   0.998616   0.002233   -7.14   -2.64  1.04   394.64
5616.681100   1.000730   0.002241   -7.90   -2.79  1.04   395.92
5616.681650   0.997854   0.002237   -8.75   -2.53  1.04   399.60
5616.682240   1.000005   0.002246   -3.02   -2.38  1.04   402.65
5616.683350   1.001381   0.002248   -5.09   -4.07  1.04   404.12
5616.683930   1.001312   0.002242   -5.48   -3.43  1.04   402.88
5672.589920   1.001877   0.002232    0.00    0.00  1.09   440.70
5672.590500   1.001522   0.002221    3.87    3.58  1.09   435.76
5672.591050   1.001720   0.002223    3.50    3.50  1.09   434.76
5672.591600   0.999125   0.002218    3.44    3.48  1.09   433.22
5672.592180   1.000098   0.002215    3.01    3.44  1.09   432.15
5672.592730   1.002653   0.002218    2.68    3.31  1.09   431.11
5672.593280   1.000788   0.002219    2.75    3.38  1.09   431.42
5672.593830   1.000167   0.002219    2.36    3.32  1.10   432.56
5672.594380   1.001064   0.002220    1.79    3.45  1.10   434.38
5672.594930   1.000070   0.002222    1.56    3.49  1.10   435.34
5672.595480   0.998928   0.002219    1.29    3.57  1.10   435.71
5672.596030   1.001117   0.002222    0.85    3.59  1.10   436.02
5672.596580   0.998231   0.002225    0.68    3.42  1.10   440.64
5672.597680   1.000056   0.002230   -0.50    4.08  1.10   438.48
5672.598230   0.998078   0.002225   -0.52    4.17  1.10   437.36
5672.599330   1.001682   0.002478   -1.08    4.22  1.11   520.63
5672.599920   0.998062   0.002264    4.28    3.69  1.11   451.99
5672.601020   0.999762   0.002229    3.42    3.98  1.11   430.30
5672.601570   1.000307   0.002229    3.06    4.20  1.11   427.51
5672.602120   1.001905   0.002229    2.98    4.08  1.11   428.91
5672.602670   0.998578   0.002233    2.44    4.28  1.11   433.81
5672.603220   1.001134   0.002229    1.90    4.36  1.11   432.95
5672.603770   1.002624   0.002234    1.42    4.37  1.11   435.84
5672.604900   1.001528   0.002235    0.36    4.46  1.12   437.80
5672.605450   0.998173   0.002225    0.25    4.61  1.12   432.60
5672.606030   1.000238   0.002228   -0.36    4.87  1.12   430.42
5672.606580   1.002926   0.002234   -0.66    4.98  1.12   431.64
5672.607180   0.999140   0.002227    3.75    3.55  1.12   430.54
5672.607730   0.999438   0.002226    3.42    3.69  1.12   428.00
5672.608280   1.000781   0.002230    3.41    3.80  1.12   432.32
5672.608830   0.998915   0.002235    3.10    3.80  1.13   437.15
5672.609380   0.999833   0.002233    2.57    3.99  1.13   435.80
5672.609930   0.999705   0.002235    2.26    4.17  1.13   440.64
5672.610480   0.998263   0.002240    2.04    4.25  1.13   444.69
5672.611060   1.002388   0.002248    1.56    4.40  1.13   447.23
5672.611610   1.001082   0.002242    0.75    4.52  1.13   443.17
5672.612720   0.999850   0.002241    0.01    4.84  1.13   438.03
5672.613270   1.002384   0.002241    0.04    4.89  1.14   435.35
5672.613830   0.996842   0.002237   -0.52    5.06  1.14   433.58
5672.614380   1.002656   0.002245   -1.00    5.19  1.14   436.94
5672.614970   1.000509   0.002244    3.70    3.67  1.14   438.69
5672.615520   1.001953   0.002247    3.29    4.14  1.14   436.30
5672.616070   1.002517   0.002247    3.06    4.03  1.14   433.61
5672.616610   1.002727   0.002249    2.30    4.36  1.14   435.90
5672.617160   0.998778   0.002243    1.81    4.44  1.15   436.14
5672.617710   0.997687   0.002243    1.14    4.62  1.15   437.79
5672.618270   1.000695   0.002246    0.41    4.71  1.15   434.96
5672.619370   0.998262   0.002244   -0.36    5.43  1.15   433.33
5672.620520   1.001502   0.002253    2.48    3.92  1.15   436.64
5672.621100   0.999848   0.002254    1.85    4.20  1.16   436.64
5672.621650   1.001590   0.002254    1.45    4.60  1.16   436.56
5672.622230   0.998894   0.002251    0.60    4.82  1.16   435.15
5672.622780   0.998416   0.002250    0.01    5.06  1.16   433.55
5672.623360   0.998657   0.002250   -0.25    5.40  1.16   436.05
5672.624470   1.001212   0.002260   -0.95    5.67  1.17   439.97
5672.625060   0.999856   0.002257    3.67    3.65  1.17   438.75
5672.626160   0.999814   0.002260    3.02    4.31  1.17   436.36
5672.626710   1.001370   0.002259    3.10    4.59  1.17   434.58
5672.627260   0.999938   0.002260    2.55    4.80  1.17   434.31
5672.627810   1.001762   0.002261    2.20    5.17  1.18   433.00
5672.628910   0.998427   0.002260    1.34    5.74  1.18   432.74
5672.629460   0.998438   0.002259    1.01    5.86  1.18   433.08
5672.630040   1.002720   0.002266    0.63    6.19  1.18   431.87
5672.630590   1.002181   0.002266    0.46    6.38  1.18   429.99
5672.631180   0.999418   0.002264    3.48    3.66  1.19   428.45
5672.632280   0.999063   0.002264    2.26    4.29  1.19   429.61
5672.632830   0.999089   0.002266    1.88    4.56  1.19   430.45
5672.633930   0.997481   0.002260    1.08    5.20  1.19   424.70
5672.634480   0.999922   0.002264    0.42    5.49  1.20   422.49
5672.635070   1.000265   0.002269    0.02    5.82  1.20   423.47
5672.635620   1.001905   0.002275   -0.50    6.17  1.20   425.17
5672.636760   1.000132   0.002275    3.60    3.63  1.20   431.06
5672.637310   0.999903   0.002276    3.51    3.96  1.21   431.66
5672.637860   0.999537   0.002278    3.10    4.26  1.21   431.66
5672.638420   0.999687   0.002279    2.48    4.57  1.21   430.15
5672.638970   0.997558   0.002280    2.45    4.73  1.21   432.84
5672.639520   1.001528   0.002289    2.72    4.88  1.21   433.37
5672.640070   0.999449   0.002288    2.33    5.27  1.22   435.86
5672.640620   1.002277   0.002295    2.18    5.51  1.22   440.45
5672.641170   0.998609   0.002292    1.69    5.84  1.22   442.66
5672.642810   0.998137   0.002295    1.00    6.39  1.23   443.34
5672.643360   1.001213   0.002300    0.72    6.56  1.23   445.85
5672.644500   1.001511   0.002308    4.40    3.64  1.23   454.17
5672.645090   1.000114   0.002310    3.67    3.74  1.23   455.68
5672.646190   0.999110   0.002312    2.93    4.15  1.24   457.51
5672.646740   0.999305   0.002318    2.38    4.29  1.24   459.55
5672.647290   0.998451   0.002323    2.37    4.73  1.24   467.70
5672.647870   0.998390   0.002322    1.89    4.95  1.24   470.06
5672.648410   0.998629   0.002329    1.36    5.20  1.25   470.69
5672.649510   1.001567   0.002344    0.00    5.39  1.25   475.23
5672.650070   0.998728   0.002339   -0.36    5.69  1.25   476.17
5672.650610   1.000667   0.002391   -0.36    6.15  1.26   498.32
5672.651750   0.999040   0.002545    4.30    4.11  1.26   565.60
5672.652850   0.998332   0.002520    3.37    4.62  1.26   548.33
5672.653400   0.999860   0.002520    2.95    5.01  1.27   545.18
5672.653950   1.000600   0.002468    2.58    5.07  1.27   522.90
5672.655080   1.000670   0.002397    2.07    5.23  1.27   486.83
5672.655650   0.997162   0.002387    1.66    5.38  1.28   485.43
5672.656210   1.000109   0.002379    1.20    5.55  1.28   480.52
5672.656760   1.000457   0.002367    1.14    5.46  1.28   472.68
5672.657310   0.999644   0.002354    0.78    5.86  1.28   464.64
5672.657860   0.999199   0.002353    0.48    5.88  1.29   462.68
5672.658410   0.998718   0.002358    0.17    6.08  1.29   464.04
5672.659000   1.002853   0.002362    3.54    3.49  1.29   463.95
5672.659540   1.001334   0.002365    3.12    3.59  1.29   470.02
5672.660090   0.999996   0.002369    2.81    3.82  1.30   475.25
5672.660640   1.001141   0.002373    2.30    3.94  1.30   478.95
5672.661740   1.001560   0.002382    1.88    4.51  1.30   485.39
5672.662290   1.001119   0.002381    1.41    4.35  1.31   479.12
5672.663390   1.001827   0.002381    1.04    4.75  1.31   473.00
5672.664490   0.999675   0.002381   -0.21    5.45  1.32   474.18
5672.665080   0.999638   0.002383    4.77    3.49  1.32   476.09
5672.666180   0.998100   0.002390    3.95    4.09  1.33   477.93
5672.666730   0.999707   0.002396    4.15    4.23  1.33   481.03
5672.667280   0.999523   0.002398    3.52    4.48  1.33   482.85
5672.668380   1.001154   0.002409    3.37    4.92  1.34   486.77
5672.668920   0.998665   0.002409    2.86    5.26  1.34   490.01
5672.669470   0.998973   0.002418    3.00    5.36  1.34   494.48
5672.670020   0.997352   0.002421    2.78    5.88  1.35   498.33
5672.671670   0.999428   0.002431    1.30    6.42  1.36   505.41
5672.672220   0.997220   0.002432    1.46    6.66  1.36   506.80
5672.672770   0.997857   0.002436    1.09    6.73  1.36   508.58
5672.673360   0.998718   0.002442    4.24    3.66  1.36   512.40
5672.673910   1.001649   0.002450    3.62    3.68  1.37   511.94
5672.674460   0.999073   0.002445    3.55    3.94  1.37   510.71
5672.675010   1.001889   0.002458    2.88    4.61  1.37   518.63
5672.675560   0.999214   0.002456    2.63    4.51  1.38   519.28
5672.677200   1.002202   0.002472    1.82    5.41  1.39   522.60
5672.677750   1.002868   0.002487    1.56    5.58  1.39   528.29
5672.678300   0.998386   0.002498    1.55    6.00  1.39   537.03
5672.678850   0.998360   0.002656    1.60    6.09  1.40   607.71
5672.680530   0.999467   0.002607    4.95    3.91  1.41   594.74
5672.681080   0.998734   0.002528    4.62    4.21  1.41   562.52
5672.682180   1.000708   0.002509    4.40    4.49  1.42   548.93
5672.682730   0.999019   0.002513    4.03    4.85  1.42   555.43
5672.683280   1.000255   0.002520    3.93    5.19  1.42   553.48
5672.683830   1.002361   0.002518    3.59    5.18  1.43   546.17
5672.684380   0.997518   0.002517    3.25    5.15  1.43   542.42
5672.684930   0.998826   0.002516    3.00    5.41  1.43   538.78
5672.686020   1.002634   0.002526    2.51    5.68  1.44   535.10
5672.686570   0.997505   0.002519    2.60    5.63  1.44   527.98
5672.687700   0.997513   0.002527    1.59    6.17  1.45   534.63
5672.688800   0.999805   0.002542    1.25    6.32  1.46   541.11
5672.689940   1.001479   0.002556    4.85    3.62  1.47   545.92
5672.690490   1.001942   0.002561    3.79    3.65  1.47   546.06
5672.691030   0.997069   0.002558    3.78    3.75  1.48   547.72
5672.691580   0.997975   0.002564    3.48    3.98  1.48   546.44
5672.692680   1.001301   0.002573    3.25    4.18  1.49   542.81
5672.693810   0.999341   0.002577    2.24    4.24  1.49   543.98
5672.694360   1.000728   0.002585    2.41    4.44  1.50   545.59
5672.694900   0.998979   0.002587    2.32    4.39  1.50   548.64
5672.695450   0.999968   0.002596    2.01    4.44  1.51   549.24
5672.696580   1.000303   0.002603    1.25    4.50  1.52   550.56
5672.697710   1.000081   0.002611    1.33    4.84  1.52   552.66
5672.698250   0.997101   0.002611    1.17    4.78  1.53   551.91
5672.698810   0.999745   0.002618    1.04    4.89  1.53   549.75
5672.699350   1.000133   0.002626    0.75    4.87  1.54   553.78
5672.699900   1.000026   0.002636    0.62    5.11  1.54   555.19
5672.700450   1.001499   0.002644    0.53    5.09  1.55   558.26
5672.701000   0.998986   0.002643    0.33    5.42  1.55   559.71
5672.701550   0.999853   0.002650    0.20    5.40  1.55   561.91
5672.702100   0.997655   0.002648    0.12    5.73  1.56   564.09
5672.702690   0.997689   0.002729    3.74    3.37  1.56   600.49
5672.703240   1.000409   0.004118    3.82    3.60  1.57  1031.88
5672.703780   0.998751   0.002798    3.64    3.77  1.57   635.35
5672.704330   1.000992   0.002695    3.08    3.94  1.58   596.59
5672.704880   0.999833   0.002696    3.50    4.20  1.58   596.74
5672.705430   1.001609   0.002709    3.21    4.63  1.59   597.02
5672.705980   1.002267   0.002708    2.96    4.57  1.59   591.75
5672.706530   1.000720   0.002714    3.12    4.81  1.60   593.64
5672.707080   0.999080   0.002711    2.96    4.91  1.60   593.76
5672.707630   0.999589   0.002723    2.06    5.14  1.61   597.28
5672.708720   0.999498   0.002724    2.29    5.50  1.62   590.13
5672.709270   1.001392   0.002733    2.02    5.74  1.62   585.13
5672.710370   1.000997   0.002740    1.08    6.12  1.63   582.12
5672.710910   1.002299   0.002747    0.75    6.38  1.64   578.17
